10000
15
547694574
-31
584295261
721901979
918989047
868160576
617647879
771466087
538285315
501714290
735770684
-18
997777110
-13
502423321
831068060
50
626237672
-48
-24
19
642430127
974074775
560471090
23
732046793
642132341
29
970884864
18
-14
807703459
581341617
-43
803376108
500422620
49
-1
776170091
50
20
25
12
32
698129722
767137568
25
21
-28
594475441
933806865
565496665
24
-47
23
-14
827877465
-7
21
573753742
934305499
644047584
932981501
860323011
49
793881522
916475313
-10
974763562
-17
-49
853100280
678659296
971462921
-21
-19
42
38
702199925
653861043
990471594
770976116
597222998
951486997
-9
568886781
614126489
-35
-22
896077548
34
799682760
995020452
-23
-39
912349281
788352742
-47
-11
722479297
589884473
33
936006123
43
894328172
644160868
-31
-12
507566494
523185573
36
505511181
38
-25
-10
13
522099237
621820284
626228542
831665832
-36
973490428
835856065
1
886702706
-28
646936849
26
-37
12
11
998827769
0
999739876
10
39
-16
955836289
760998761
40
-5
539365908
-49
48
579428170
-37
777361486
783698851
-46
737169456
-3
-2
847994812
47
715331084
586164288
18
41
577545360
12
45
18
698011219
947046215
571289560
842342860
-12
617862328
948515360
500180729
997023429
3
642330585
28
0
702074355
12
576941229
39
864614135
-13
866671046
794989231
730588377
919771126
819506035
6
592191629
-19
-1
686072920
-13
833867950
674153560
793877780
-48
736951940
-38
24
28
925830172
608405028
1
-14
31
990609087
517946634
1
579098676
-13
34
-48
24
-3
586565730
558332995
-28
45
571133852
3
817730735
652430304
794274707
19
-8
19
788562628
834352613
-18
584420698
534624869
791347927
772191968
1
605911015
-39
729770652
707729132
969039406
991880860
-12
-35
37
769885526
44
730031586
15
43
952305178
886657825
5
569243231
826915869
745471962
33
970635438
48
821179866
-8
-32
717292060
773253902
858208137
11
854475931
-31
28
786846330
-1
-5
42
992464232
5
663172557
595875295
3
854051318
546251424
860938700
575713740
521057604
660180502
691156196
25
730137089
841935710
788180553
727492060
744495296
-45
614180483
915513065
6
630111138
613724914
-37
31
6
-5
-18
-45
707100344
40
700113056
951285471
615025251
734062578
577722754
718863077
606542036
5
593908744
611051452
562261966
693129872
31
661189570
24
-1
39
823553422
552272138
5
892440330
750536288
-17
-25
-27
522787887
45
526058632
15
27
44
792277114
537149310
843752964
-30
46
654147356
-40
41
42
33
764597012
35
47
638393760
16
15
542552612
23
42
601615016
667400671
-21
670526708
44
-28
-4
-22
46
674244896
591538122
-5
742226305
558932704
741253689
18
4
711960838
-29
39
-16
12
10
513801150
734030544
921161826
33
-12
592941987
528514598
23
784441981
711473377
1
-27
826681853
-19
805062825
31
502338934
10
812603511
42
983327535
-38
-21
16
663280097
605465026
846393760
532045412
822802808
33
-29
40
-49
-45
32
993777388
-35
636649504
523360076
30
535653168
752881751
-19
-7
619062082
741555032
30
-47
784802432
919314347
666476504
7
970774056
29
807589972
-49
41
587843597
-42
529495379
-50
936321363
798937627
32
630748701
-24
500362240
983620197
28
593034435
798665930
-34
508758715
6
-45
-41
593883802
522686981
-16
14
913205195
843294691
-6
982519803
-7
15
6
48
-21
699480711
-46
885533490
47
25
0
503128793
-38
19
842246795
32
686305908
4
940270251
542494176
-46
571424196
-42
-22
-48
824436130
6
-33
646764057
607133127
543488289
675952013
548413311
-23
-46
20
584530167
-36
706901530
685145657
927083759
603471618
42
-6
974564115
981687702
24
41
-7
798595243
-30
2
19
577433065
747376330
9
707153979
888240709
989945969
-25
-35
912212652
38
-34
632293113
701035405
-7
775706239
658366514
-18
580537434
-29
639862614
522877718
701553360
5
804319923
573295551
24
952888990
34
945666074
784064340
-31
518029473
2
607438745
719846609
43
18
-45
898129605
-46
45
-2
603363643
508358016
528813208
-28
543536600
-41
-39
-28
664247838
-9
769448808
728752582
18
-22
-29
881323135
753922852
-5
657614832
-38
740258795
634595465
581410048
757464627
803809753
39
-15
49
800262049
-48
32
906401074
-33
746627813
689964478
830254978
584416601
-29
17
-49
975392984
-42
502052636
-14
561891304
904441581
706011961
-15
685936029
747843908
48
-18
14
924913099
847623797
-10
-9
747972936
677743828
517722697
-1
550020329
-37
-48
888449985
-29
4
773947004
614996268
551446224
530199922
910407068
40
-23
871846454
43
-13
644113061
653255664
37
992989127
670838768
623891789
-28
34
21
760486229
43
766526772
-49
-44
823371183
-33
953428740
-28
17
966024833
12
-2
766184433
707185311
983416068
790084788
3
-33
855585192
995918755
-11
575129110
22
-17
569949802
861508451
6
1
42
-39
761339805
-20
-7
25
-42
585181827
-10
30
944364693
-1
-48
848078317
29
-11
-16
904984870
-24
613683874
-30
47
738283573
-7
48
618208487
-49
5
37
856676118
39
560005204
-33
792185156
-18
501198543
-15
710580950
-11
17
-46
639131748
657900484
991284049
800532939
708637284
34
48
743873616
35
21
789805323
704660411
864453640
-43
1
-29
553869417
22
721841273
977620237
33
0
906201755
-13
926704739
36
639333319
575310178
993717854
915220825
-50
22
-32
642664594
512781390
837740754
2
653330114
-47
988824145
595084179
-29
-35
-38
31
868883096
-38
-43
-3
609977465
745182691
717008204
-36
25
3
928169811
611804494
45
-44
40
901740910
-19
19
796285124
42
-33
48
945413804
-16
48
729047242
-33
675878475
-18
543268073
866985288
627435471
11
969300503
903917574
517740767
503981515
-13
570515499
48
697186295
-16
-38
5
-24
30
775931687
601629569
0
24
-37
775745109
22
-16
506719496
39
32
14
40
25
-13
-48
717857495
17
49
794377997
774607483
6
-5
706044150
937392805
12
-35
19
-15
751141509
756524770
719468379
603963431
-12
977064725
794599049
943277261
880933350
756474903
25
9
602117615
520957194
-16
576773499
33
41
-4
882347527
42
562529704
896163827
538694030
39
963620986
46
785221623
50
-23
686630423
-6
628792541
42
580514142
48
-44
505057967
908803686
-37
-26
-31
7
577693620
18
790076735
909873898
927103259
19
696779488
-31
958055672
-18
887604639
975811365
-46
631196481
610507132
-31
822711402
34
15
-48
20
989347920
734680478
-10
15
7
708972907
571183476
620941757
-2
540289518
25
-15
608560481
552241942
660620856
43
-34
-27
8
548362221
-32
835107948
958821870
586944690
956262100
25
50
14
711884337
676025791
33
987360856
969367226
776751351
986620924
20
791881527
-36
-39
640347866
653392162
-13
25
-47
7
-15
45
575640672
601697578
871653654
-24
570275457
-28
656314121
765962423
595819717
-24
657994880
-49
957991491
-47
704400146
-34
703293187
862562089
0
-47
8
-40
41
9
847734557
987018174
5
836671616
720600724
617226796
-12
800994687
960954418
-4
-19
35
623264206
629766163
997985423
42
-20
-43
936408245
681029764
718088756
863066391
960766072
708337192
742187878
32
48
-26
-32
530494329
543028796
812349507
21
12
606500274
18
-49
36
702947397
33
-16
11
48
8
44
3
19
906605515
959576241
-19
-39
42
-36
22
955777316
722451816
-50
36
641556092
974908656
-11
824170987
545025794
12
650298338
704775889
-9
4
533185171
11
4
17
783617115
764918717
-26
17
968422041
880845858
896985681
3
745589572
-38
899708237
-49
48
855488749
14
727624911
768368497
857530945
12
50
559274716
-7
952427936
952490831
12
26
786590173
663402853
-44
-21
889578652
808282303
23
879737175
26
15
-22
-35
775808849
512406842
937434995
-15
50
50
712264136
-41
625514101
570211038
686379208
32
1
621855970
-44
581009951
-43
-2
-45
803767032
33
18
21
875939049
528302740
-10
-10
646573606
42
558374822
-11
967242787
-12
10
724784500
932805043
-43
20
590644122
580522269
839544428
-15
696830169
-22
41
564698820
958838580
543295912
-29
536763079
632358342
38
-8
877615544
-16
22
19
596408450
-35
25
27
45
940978012
22
547216456
29
20
656371928
25
33
-5
47
523274801
15
-42
629078069
906990732
696431844
24
49
-14
0
-14
24
841435355
506212808
556915293
-31
652399709
779755387
936038048
521320926
-17
720159270
-49
771815167
-12
3
722396180
996386424
914075222
23
31
-38
11
-18
-11
-23
-28
985603208
947097798
662357536
519457252
-34
23
-6
-28
-7
744346379
666769148
37
50
999097975
39
1
725736238
696279101
588698282
582974847
-1
858717901
38
-6
-34
800887344
844497553
22
667055943
35
-37
12
-44
857534646
-8
-22
26
-24
660791803
40
-23
877299775
715292571
859797709
-30
13
-7
-33
8
34
881254997
583345397
669320949
21
-39
21
767842533
673452287
947099448
33
685136504
8
-5
29
657421969
-17
947957744
918097323
-2
1
-32
14
727533969
945939296
631594717
7
39
-4
975343250
597927287
722546201
-9
857339316
14
556509328
45
764828832
831185501
25
540576134
31
8
723020439
739883568
-12
658448183
938748140
0
678836860
25
876298591
-40
-45
-41
825718715
-18
-7
837868084
-47
714372338
7
46
-23
892944319
-25
619449013
-2
24
-13
792691709
521614970
45
657128547
-40
590491082
667238268
-24
28
640925802
618316992
11
-48
571810397
-36
548927005
967356263
8
-32
-19
1
-40
-12
11
-1
14
47
600393513
991019896
827842185
32
817797495
-3
883674302
792615487
633806509
-41
10
995130180
-49
532911863
-38
707676400
702282586
45
-37
869348738
760894565
823077201
742351970
-15
36
-37
915722145
596641174
24
736622090
845464871
909048580
19
-49
886012114
22
19
591847640
10
36
41
20
764668202
611361443
539423641
897948165
970497407
585088044
653429248
-41
-11
613587133
35
32
805604467
46
684958053
938356308
868079117
978395741
516509747
879749389
-28
-28
-35
857548077
668331399
50
-28
710925807
13
559682675
39
638925537
689005670
937467304
907489839
614378130
14
-27
47
503122906
-41
-40
725064736
530532536
10
586879130
-1
576518229
877779257
515817545
-23
47
8
-25
500264732
762895617
969712089
-48
20
6
-15
636542553
909626753
939457313
-2
561037990
998383258
820567309
-1
705999324
7
635753426
-26
926161919
856929246
44
0
-37
842916113
-5
7
690230808
665883085
652950417
5
591595750
606190692
-44
-33
620846246
831490700
5
-9
-15
-40
580079920
655379769
26
727305986
48
-8
650399922
747515618
22
1
711107016
761635415
11
-46
848872009
602736541
28
17
-17
13
-33
902903198
-23
15
-11
614536704
-26
922390649
-37
936981343
695939958
8
-37
646392509
957520504
3
869894970
2
526113839
7
39
724478544
737618139
570693344
37
710481350
39
-38
0
936163798
855160915
772420405
901255372
703304235
47
-28
685734214
725467783
970140677
843113213
17
533638799
-17
606126366
728087002
831184485
976757309
637875524
591665624
826548349
528035558
37
15
26
721001303
23
635091590
527358362
-40
-30
0
10
-33
966452214
10
774743267
20
675338632
25
621859421
752172824
-8
-33
761123860
990617722
993717177
833328170
-19
638119179
-2
-2
33
-12
-48
-16
917588829
12
19
861787616
45
610171469
756345109
748902155
-40
5
40
618828479
-2
-34
16
854288091
-11
38
534230556
-50
-11
32
-8
-44
804379213
27
40
-31
-3
-36
-7
708945305
801552543
919662066
-6
-33
-29
-16
-49
806453749
19
40
-33
21
-28
50
673974494
538989145
556633428
729257734
43
50
-18
813188824
1
570543125
25
899269325
-39
-4
576387339
954144112
-43
-16
-14
14
734445136
49
-6
18
23
579217991
45
23
672540061
955734995
-27
854198272
774829120
-35
870154187
588805673
34
-46
795321538
584394205
916710067
-1
-22
-5
792854428
-34
849124580
645018643
1
821358460
587724883
-49
-49
-13
-2
0
651342408
510663915
852784302
765014031
-9
877178286
-29
44
-12
-1
580247043
932129483
0
4
-5
-9
-49
653385622
954478826
894961380
-5
11
-24
-32
975408515
729585513
627087164
542506402
49
-45
620246410
-3
50
826719865
722842013
9
48
13
732862495
619526808
36
831224104
-28
12
43
735797727
922389892
2
532846533
980765381
-33
-21
45
799667696
831567904
29
-43
42
34
-8
-10
813980108
-3
625327561
812363751
-33
-12
800098993
921501433
727703560
25
913935600
675154870
668152216
570745981
542608052
921356279
574105335
-49
-46
693467791
513452322
17
949979035
38
825735681
29
609556189
20
888013922
26
763939104
955219606
41
-30
-45
21
728647866
566057340
44
660356732
-40
47
796411119
-42
908102475
-36
4
731038852
21
526378199
756235055
969093092
-22
789282892
28
544085250
891719282
-24
-19
746582988
34
-10
-6
-32
11
-24
664424694
-48
983984843
-48
-45
998546653
15
39
541648235
-39
744069028
616906103
577319136
30
603682999
-2
890954039
961300768
44
-3
708901222
5
513101920
-49
42
-36
-33
-20
530470866
532451744
831611602
602901405
695041042
27
912139429
973545190
514311408
506757827
865200510
-9
747568416
580333931
24
19
754488993
565348449
-19
874100243
814860769
13
664412784
37
-29
50
-41
-40
-17
-21
768493733
-50
-43
37
846411298
879836178
733929949
644354485
21
-27
50
-38
-35
18
10
782188699
609886713
752182716
552161540
749406778
542273343
771629267
28
618052891
-42
759474645
947761554
566841435
730488799
-1
-10
792557602
987828207
-6
632229942
0
34
789777771
577601870
644386328
25
768273954
14
-18
14
28
15
568884089
882084033
-43
654214195
726491042
-47
582863184
620512431
565244744
5
941798115
23
823462195
742766558
-43
24
-13
12
-35
792403552
564513309
24
41
17
-20
23
678543209
33
-27
550935058
609118945
-6
23
15
1
745545203
528093791
46
897780733
880366812
26
27
-44
45
3
-4
567352499
972858512
823304545
779464813
916649401
-1
594545208
31
917091475
926854460
706703493
515690345
-17
-3
862293595
-5
864227017
-11
-48
575217753
866090171
-35
778149322
15
594367994
710470582
999650056
703391092
-23
-49
-5
38
46
770260538
42
946509371
-36
690813009
573320541
694217648
-29
41
42
814155664
-16
-42
507624659
-13
664654727
525820053
996961852
873437361
-20
520209657
-37
-38
22
889388548
-49
12
30
617140171
41
-48
-21
-41
563099964
734652796
-8
615567532
626267675
686518930
663429895
743998284
806889941
-21
700835627
759810104
784958499
-45
21
5
-39
32
50
-46
-10
33
940656593
-18
729356417
504014485
757001563
20
911553331
43
11
19
752418987
741084234
30
20
514386059
18
605426263
-46
-9
-32
513247881
-32
994945900
4
26
15
-22
-14
857103453
11
7
44
769282728
985867006
921524220
18
10
774664234
-22
539260077
848298693
10
716900273
2
985661113
785513585
861276010
517103881
509101289
630389283
522432427
-3
913210393
-14
6
5
673653063
45
738326324
550800172
17
815167582
-39
675587953
-21
44
-44
742233035
41
-19
953990720
666115853
667176823
973214361
844585086
15
899320555
-5
18
723744749
50
829526188
794022059
653614422
847636501
-15
567519497
13
798641820
927133987
3
-16
39
-46
897203363
520305558
15
29
879209520
14
852524723
742661658
-23
-25
-44
805424701
893496003
12
-30
-45
37
699676565
43
715682023
-17
921259179
984603140
629625488
893209884
995379914
33
620960169
519722094
991998893
-39
-26
-36
-2
-18
-39
16
807955486
605743331
-32
677381741
625821065
-43
-3
965329159
2
31
-26
780339035
568529160
587036583
-13
808979939
32
994767382
829024140
686143249
-11
38
-12
908511297
-38
31
904447342
-49
7
16
-5
-27
606894969
-16
42
5
579621272
24
-38
698428491
678464160
897433067
-22
45
778942027
-24
-5
858978303
996963445
615441136
-21
43
-38
972985340
21
-36
602976310
8
928727052
-21
784456437
36
576537381
-50
773856918
999760438
-1
988611528
568172223
664208620
882131717
-13
49
859926125
12
-19
927696004
-21
511264509
999008065
671915824
-9
978667820
19
-12
36
511888531
49
-25
-27
20
910861595
762863820
815534247
-8
-22
18
-24
-28
564446924
4
578261856
-34
-41
49
-5
764937850
710048450
920493112
-6
22
-43
-45
946991952
773734630
-21
-43
31
48
684184137
7
702475080
740476586
47
566763016
-21
-25
578016336
557672485
672526691
680362912
-44
876762924
47
931421474
677313855
834309243
536460930
-39
-9
-17
10
879028258
11
670216344
16
763146865
638383957
26
17
18
-16
704199959
908650897
36
-42
940448699
18
-43
0
-19
0
-9
50
13
-38
-44
793741371
0
610791159
580146874
926196918
657013730
693451762
770392241
-33
986820305
-49
921015793
44
-45
785661858
-17
581992341
-9
5
-34
608935622
-39
43
23
565385218
-19
631426789
574241457
14
-30
523695278
966073435
888334653
-7
561267005
651758334
623334301
630980810
4
805176018
20
794244106
884748329
1
40
-2
638512723
989575079
792059143
625116284
706735638
814311396
777132171
833652694
544439296
1
-39
46
-26
569937940
536467450
47
19
22
-28
17
-42
4
718268009
578470219
-21
773287446
-23
861234162
894006758
657096523
-22
-31
529818413
-50
619866688
739908286
897414137
704410754
759831667
-48
970357421
4
676783888
24
30
916947558
763467144
547324704
9
999195301
6
2
958787243
29
30
728612861
36
885644563
-10
-28
16
-24
566069733
-7
30
47
656101950
17
657419717
929744422
555358981
-11
535334993
814092095
832512873
16
41
694639640
-41
24
-9
23
975512513
43
50
-2
-1
41
884873273
22
953331446
511712378
0
-10
536491627
569808809
2
-22
616869813
45
41
951228119
28
0
623554891
663467031
-3
-49
960337487
748193418
27
976303612
21
569808622
582184697
-34
-13
875000313
-8
812643731
526752432
-50
807872881
634207483
49
984790588
635876751
-33
-40
662345404
928937241
608981431
-44
644673036
18
658952509
-25
502632998
746788831
679543300
29
764375320
873520079
750710874
20
28
-14
-37
41
721557635
740199232
-46
973442113
915008972
-12
968948108
906823993
1
-10
554529731
579686354
612017130
43
584356554
650530728
-35
-45
616282550
936179032
582897950
582968010
44
602143420
952871069
38
749051557
5
-5
587661596
713877880
0
41
905474786
10
707413843
948367348
-47
36
736593632
-44
747034519
-12
913942187
-34
602274247
900429649
880906933
707345826
-31
608339954
964808006
1
4
747576084
5
961872827
50
-19
-17
-40
828284321
20
-27
48
32
-5
585726058
754989463
-34
40
728983425
988767817
50
18
791902006
668063716
720063097
17
570572062
-47
37
667501313
-27
1
6
32
22
14
18
5
3
815965125
2
-44
-46
42
778038433
5
787253825
8
-14
-17
36
818802724
977036246
577075661
45
-50
17
883065892
804376542
565880032
986263130
700924897
933660518
935058602
572144589
689451521
778574509
865392343
897498577
14
-3
-19
884558676
-45
946901044
733664126
732495078
-30
823294306
582899215
1
-38
922788963
544093826
30
581359253
967734954
34
-17
-3
-44
26
765235930
35
767611550
31
579800910
808224810
4
723705018
929458698
679394681
609025493
7
-35
11
622037545
631961683
0
824752597
575169312
952304524
24
586715300
42
16
659501194
50
-19
827943614
24
1
742224942
-6
3
14
582321325
-10
776726762
32
547429250
-35
-7
506369110
926037048
-18
583261839
-24
-14
-19
-28
872387035
549307106
27
711906891
513264927
-35
560497008
36
-46
610581360
632671201
591559815
766272340
-14
632825607
-4
5
-17
-14
895731670
12
-6
-33
31
-2
858480949
48
35
703272740
789651133
-33
-50
10
687863848
774906140
-36
39
-4
960826972
-32
32
889617124
32
831112223
627573391
-19
901796098
959092850
599380960
-43
951106623
15
35
-19
628220423
641027447
-2
963342413
9
558560936
874162849
663929570
836764406
-12
-8
49
846449922
853727638
994832650
780720505
39
21
4
-29
-17
785980956
866189663
42
578577915
-6
864241019
644078773
-16
671810414
617292354
-5
543189272
586476362
26
782879039
791835545
961889577
-24
29
607490032
20
749903550
685035213
873352030
-17
-19
555038675
559935723
812542185
7
-7
781027199
756263829
19
-50
555818865
39
571444941
565569791
710323490
28
-44
561356066
705089325
34
8
7
14
534994665
670544782
26
36
549023351
-20
782372028
-28
-23
-47
-50
18
4
31
38
-2
40
8
650941495
616250517
632429182
954674009
677980243
42
-27
-23
989226710
-31
859918273
11
542526560
0
46
836976997
900699372
14
561634539
676647757
19
15
989556565
-34
-21
929688619
19
49
-29
805949230
543821662
12
33
-45
-25
-24
-27
635381527
-5
33
-22
-9
771895167
802929122
746462430
665614512
957484704
759276146
707614782
663718741
25
549872197
-24
756509581
14
686870568
16
-48
814839374
-28
-8
-32
695780179
835764340
602174844
803830547
887672865
571555621
22
-29
-31
723124612
-11
28
-11
757594359
766940964
557082358
-24
-6
602437375
-31
-39
768073646
-13
927008820
723740765
811417425
19
913031204
35
44
574531738
9
933609530
592199351
831732411
932393536
993745200
775395344
-41
-13
786594653
6
720291337
758631089
557531962
879177934
-12
759922723
-24
-42
-42
546133943
-36
12
-42
935836154
692099228
540453332
39
606397001
654052317
25
0
990408194
566176776
571268816
670612622
873357261
865748293
-18
19
509591783
831841602
952939127
968715374
751802045
-7
15
637716064
670723340
803352628
913898766
-15
505903020
-25
817848240
8
818710805
-16
606532031
750748663
-13
-22
8
-48
583299983
-44
6
-30
943836437
560440383
502290390
580282267
953826102
550341792
22
-49
47
-33
6
781039311
683422059
-11
36
19
549016767
-9
864843599
-45
-3
876102230
16
-22
14
41
885036681
731579681
516765071
-13
-29
869634022
720690107
-31
-36
44
-16
765207847
8
49
858326549
42
866437809
790987092
-30
563869185
856813611
850655292
905875060
986827491
877056512
759023933
865878603
-46
4
748768206
-34
-19
903377107
964493607
-26
693846377
1
831724749
32
-13
774019938
-15
41
617354231
46
36
960676025
-42
793089100
940502332
928415719
-49
48
867106025
-50
-10
-12
670691173
876106908
37
835709649
740603623
628877531
931822440
898867689
34
7
-10
682195076
848617630
-10
739981063
-4
661440394
944465325
569931303
-10
-20
524412029
-36
598944860
-42
961128254
17
-18
958583369
558775703
16
930998861
-4
50
844318146
-10
-25
26
-39
815675512
696197501
20
6
4
618130504
-23
549411232
34
6
564156146
41
731532116
32
663904727
12
932253025
875402026
530815222
43
27
24
696089099
897567554
587281971
976164627
-46
-36
26
948151961
49
767634305
32
-44
952142157
704475630
851569284
909292929
579649893
25
597991294
529300363
850876882
29
13
675511699
649378479
603925914
-16
16
686636197
881516447
921124055
556910969
694044157
25
587137722
2
552496926
-5
958962120
33
623902447
710292950
522133585
731604058
20
960904038
-45
881570291
622735343
-11
46
913892478
925057996
887714456
30
740237995
931311453
4
600599258
21
23
633249574
44
-36
0
4
864281223
27
-47
687892771
748682544
25
-30
995434786
504283892
1
38
-15
6
726075883
9
590593517
842168061
31
616788242
977697130
-10
-10
-22
775192725
771934413
30
836147438
-15
827562189
768323163
955643635
703739317
24
-42
29
649771835
912304756
42
-33
-21
19
884671535
5
0
36
-40
49
992515143
775547924
11
-33
686793818
682987112
986341711
946243987
-34
-13
529673834
680796930
-32
693282469
-30
-36
-21
883584047
974365970
36
12
-26
829071819
23
7
47
-40
-28
685599443
705715451
7
-31
-4
876036008
22
844406031
-38
994763285
892713300
510503009
34
21
27
691069998
40
2
34
794748740
617709086
677001930
640353150
811900260
731894449
-22
883907659
-36
852268951
780128107
993373506
-14
-6
18
617529317
-47
522781403
37
46
900057382
812659708
817137837
37
-11
45
751086703
25
715569420
-33
50
587468614
-18
662058703
619555680
-10
-13
569613427
601586108
28
-31
543144530
36
560390679
781734563
639727777
778623982
634436709
10
932538220
1
982489671
803774585
26
36
675948817
6
948804363
837781705
678227286
18
970681662
-11
-40
-45
-41
986179539
884506444
-4
981101197
-1
41
30
904401915
619228029
21
-27
751669367
756145540
27
-48
914714742
27
36
679497645
902759183
-18
905808759
-7
876427232
804279358
523893300
531099734
959865310
632125053
541713337
554451741
555348889
899626671
-41
756709825
884120471
707400973
954424597
45
2
954723258
534391162
707686759
-24
50
971069629
-9
6
828330601
534043482
852154364
-42
572408739
840233408
734039623
878662310
3
871688947
781927525
26
983525973
747244493
949079665
797001729
38
809866755
855265639
-15
732104789
-45
14
34
796967960
575965892
12
-39
557497693
7
6
-39
918791527
2
612047853
781340723
819732301
947899377
-20
0
800023142
20
703654938
578987672
501066986
-13
533006536
628083367
816445141
727635687
710930285
983645631
-25
612235247
822627334
806268925
863458029
632013542
44
26
988474193
816421910
720585026
48
1
785076495
6
884855932
696145526
992512044
617170000
986659022
19
-50
918755002
-7
550861876
712916674
-33
959148672
944361965
935276907
985733348
521775546
-33
18
49
902068270
502062877
761980555
18
-17
-28
-35
527373877
630833559
-49
9
-9
851675223
698691048
-31
-11
-28
11
-33
783320048
-2
13
504255248
43
585399651
30
564089886
618407489
944372489
50
4
540062792
17
-12
-36
26
831826555
656967616
803786002
798849587
798620884
-35
48
26
750041660
896320437
679065320
847525143
34
50
-24
737242854
43
857888981
-36
-17
751416797
-34
650469233
523996621
-12
868846535
737415159
-44
963800499
24
34
-48
35
662812413
-9
863798862
540613082
27
584544486
622828184
738869761
-35
-20
38
711814092
3
-46
-23
638014753
708537247
-29
7
605727853
-41
652762414
23
677264581
516560567
44
43
-4
-26
861656898
-11
885427819
14
1
623445858
24
904759604
-40
-12
-28
655286623
-24
-35
523337387
630543341
36
533301614
0
836930269
-45
19
46
813243807
643785556
-16
-41
38
751567653
746036527
709151905
23
831477279
31
832659635
571653884
-43
29
939622964
522279415
873358811
14
603797203
34
689258249
-40
597360165
933867873
-17
993841012
548720691
515407036
24
752404855
8
14
-36
39
40
13
-41
18
31
896311979
47
914892566
656938289
-50
860303734
635602277
-34
667868511
827336848
717042558
-46
919569007
632866768
-42
959622697
564374308
736247018
661249340
907292970
-31
760061758
815195898
667803963
661807723
29
-22
726489251
731588352
11
864865736
729964491
794092667
631425697
-5
535466755
-15
-25
15
27
669743332
48
34
830672104
18
-10
2
773377364
878455147
-18
50
33
736762788
739078372
804524728
15
774892108
554004013
-3
-12
857604404
782069893
684761409
665094422
952507522
509290609
805405477
39
985079114
763185979
48
691440892
686570237
-15
-47
43
632481337
774639390
590531018
612377859
-38
50
-27
-13
-46
810231637
15
828919618
898760362
-11
31
43
31
918419860
26
-42
2
-16
-48
648963099
-6
650390944
692565368
-19
990250164
708629317
-5
900768216
902610154
798010924
13
600761936
509003677
935951332
45
14
42
746722228
-3
-12
540042725
627210542
-28
-39
980357716
730113727
-21
678488933
-34
599367694
-19
1
9
-38
-46
575273091
954763213
5
-34
-15
704440233
14
707096676
887402831
879755827
789260990
-37
-18
991563041
771328512
27
37
841931621
-37
594651891
822584613
-24
597115548
32
820334379
702796622
15
920761696
639841152
742946794
542342092
571301630
24
869141711
958454014
874877497
18
725483311
24
892902895
13
956140977
-28
-49
7
50
631028341
711502508
618502226
28
-6
7
777871561
-26
936066298
48
512491947
-11
50
11
914345638
533114245
675109507
980985509
8
-37
758556897
-44
604355296
28
-15
15
49
4
617921507
677921829
40
821803603
-40
650131961
19
4
842097012
8
11
-9
553924172
822450684
744916673
712677291
26
581065818
977932443
-19
35
-14
759967532
-3
743295491
-34
746090679
13
551538413
606595195
-22
49
586880966
933565446
3
31
517623917
642005996
657929222
831881476
870351106
585458837
551455939
988674175
987663037
546599541
47
907105584
1
942106542
630944023
-1
-43
666195677
753345639
905094268
6
787981563
29
-17
960878151
960420214
604086120
47
-7
713893490
34
20
837322052
6
882818607
28
747178257
557019368
26
877576096
28
924351169
41
-43
32
841444854
-16
-4
782148995
-50
982760971
543432151
694172333
-2
23
885650382
14
905998410
593435009
740919791
-27
678749084
616871239
-40
-16
847120753
873292112
41
927630334
624077475
4
677640763
0
767869135
661965879
872620590
-12
956553000
-19
16
-36
565150207
530879342
901377604
-2
664716286
742630310
614924197
-49
705683488
947877791
649316584
619422914
893093809
571235437
-29
616963888
690949660
958547427
42
-1
698224045
21
978043181
949874462
531135666
771661349
964543995
-17
9
897068489
733363207
931177477
764239551
766736537
547771513
659816999
-10
698526106
678264582
27
625751096
512989236
4
-9
972069757
608339025
601755335
15
47
771211596
751374543
42
713774753
-20
-13
566866587
-5
691454866
25
675941657
1
-49
-48
-1
-7
-24
14
880429633
684945192
821027828
794269053
654839865
-44
49
-15
11
711559068
-17
-25
668980355
24
782793879
-1
547443731
620369823
-1
-44
0
865455390
-12
12
-35
32
584214545
898376860
-37
875913506
889343318
-8
10
757271044
816406275
825184667
669309238
961256635
0
-43
551159812
829910307
-13
36
501346780
-15
8
-36
941465264
929954640
749697012
500797066
2
629780229
682648614
28
2
978927199
753670745
980843727
-21
588712408
-47
915373700
-27
885439407
-20
837589076
40
504359547
40
711513283
-1
-8
-46
50
40
890823231
-26
-37
722286430
-21
-21
819523866
7
792576663
-5
908523880
605159686
37
41
29
845070220
-6
-20
-29
14
594928412
-25
-28
656696983
770834271
22
10
828809219
551327791
22
754374867
626924339
866117489
715222855
834699382
571766245
510011063
728507031
882792568
32
44
912236034
42
750358461
740856144
15
6
-2
958734346
901482606
908370113
578037779
30
746167058
637712084
40
681431536
826971286
-20
607041288
-20
24
33
-1
-3
15
674564645
49
694516576
-11
567593805
12
500775730
682577982
997079972
656960028
35
16
842229256
852272343
-3
-1
22
18
633043212
9
24
827515780
736637877
627121898
962983552
-34
20
11
982774591
610371949
-13
966626305
907883940
-8
768441313
806460089
35
777577017
761968519
-28
608786940
15
761202272
921078452
17
661082543
575419007
46
-4
-36
734368765
-42
691142918
771098877
999569998
818659728
-19
-13
682150063
744652517
-34
44
-42
776724198
30
748466035
697457629
507017241
862075070
-10
-21
8
799149723
741984958
32
-36
-10
-43
613967008
643191386
525781929
528659034
-31
28
903584893
636127285
948191959
6
945939306
805857155
642799405
48
668548501
4
30
-24
654862818
795404332
-22
527581839
891276761
868206565
50
45
841407864
-36
7
36
670916068
784607876
-47
602999004
628811953
-2
791737701
518206466
4
967961262
928811258
697755703
758784609
619447769
658481351
927621715
717414407
20
29
717531004
996636868
4
800094409
-28
731617482
538035197
25
552761850
684355765
28
-17
-17
755497949
-13
-7
519686876
689015710
630993018
37
834232544
15
-39
9
913103294
31
-41
504038895
622332522
988620835
-43
14
598735042
13
700948145
930496595
41
889324656
705974701
994769508
938236796
-6
-2
896624933
699624447
710764621
724430790
1
606226186
658111493
8
-46
-4
21
-16
-36
-29
609872513
813768639
39
879885031
531465203
778950037
27
26
36
38
-10
649539385
-17
638058375
37
828134342
991053320
740505269
958481301
528422460
11
-2
-16
761144864
-5
745952131
-17
837879965
974577353
-15
840322715
-2
853319628
836521674
866259687
942021299
39
22
799031588
965135570
42
891322039
3
843389682
-28
742949170
-22
8
861954760
45
0
4
49
943750174
857403904
974446548
-45
904798968
-47
819942855
731844938
644326012
763671996
-49
989215329
859710795
853210342
46
517486920
-22
516983986
-30
-17
756385357
-10
583419601
-25
38
-45
686335004
-41
21
897965186
833859039
16
-15
701860915
978049587
17
732941953
-10
731372012
-17
40
-33
-7
912214165
47
-6
647288623
-32
-40
875146020
668012647
4
-24
-8
34
-31
543004647
918325809
613276092
36
928225972
-22
-40
926934937
639248836
-2
-40
732757905
32
773979583
583778175
10
715119954
823757613
918982896
955410686
49
693489757
-2
12
-36
804508298
-49
900998929
-2
878658202
641036460
11
-29
939032091
683764440
21
-11
-25
37
-49
696832653
30
49
575869563
-15
525719245
-24
30
13
907478495
679552111
837366321
42
40
-44
541610493
728227734
25
21
688610503
686248721
-25
649848265
32
914256524
897954091
45
-13
-35
944492569
-33
800785051
-23
715345195
-23
-12
789414130
-13
0
932463781
804780411
943289742
-28
981265415
-25
934264602
579108778
892062946
-39
740371353
13
841204088
-38
-30
-9
732623116
18
-27
559908038
33
26
960050835
-44
883720364
-13
528684939
-23
711702832
-24
35
-38
19
713975325
-7
982142876
48
2
-43
818683238
731250868
-24
-6
662128413
928724978
1
578714187
-47
28
912752913
17
18
773922941
-19
675156687
849852199
29
5
930849542
34
29
934008829
2
-49
732225967
1
558383942
718408391
-35
874137550
37
37
523075357
-29
10
974810198
596255816
993649248
584238665
539615547
982139973
706266876
28
961539287
866128215
-32
1
6
623361807
-9
36
876751581
878954930
969899205
-10
27
824054858
29
534597292
-19
34
19
46
878952884
-5
18
702641536
721941068
-41
31
972960501
17
607366392
595876140
19
31
710227562
916063788
28
963380669
565891796
47
867588006
17
32
611878496
11
599177270
-50
38
904922952
925476972
-6
977101444
-30
830413304
24
575143786
713995549
576808898
49
647999866
31
-46
802391565
500472662
45
2
34
612986988
691920766
961592124
863975183
527787574
42
900489101
11
-32
11
23
-16
506084715
27
46
939306889
963573811
746170873
-24
919453413
-7
12
522506282
910192670
576084027
974063353
-27
810378040
43
-20
-7
838835324
612003575
25
595142631
808205690
41
742854894
859400606
29
763347648
33
-34
897676913
772971890
18
46
870063941
732843825
40
-48
962370620
639214824
-12
-28
6
-32
-24
720528158
-33
918338362
40
726383375
955670491
45
24
-2
691996513
-6
618845214
700549364
3
-49
22
582691454
632978372
725042051
974770495
750785841
550209454
974121675
884751823
696790616
27
562992730
794238170
-40
22
661548727
-36
40
524134369
875397212
775108770
705495503
889638180
18
26
968391707
-37
21
512725950
50
-32
832310471
-42
-14
647018371
681011950
960106255
-24
879703107
-37
857787742
30
9
4
957421777
30
961186685
758790604
43
910648811
28
704608001
695285764
22
866817607
-25
721891836
855792258
714346244
549164365
-3
-2
-22
905098814
-23
-4
49
901841771
815709008
18
928579084
792053515
-45
27
912994627
25
17
11
960592775
568289379
23
780193656
980043036
28
-3
42
24
756211558
7
633033212
580427666
30
-22
547502585
13
-23
-39
704692331
641123773
-38
687806541
20
-35
-7
-39
915534210
27
29
16
658519396
2
844739921
-5
769910245
-25
-26
-16
24
-2
49
726832245
793153225
35
6
944960300
-8
509667526
842564844
-36
-17
586023594
41
751536938
31
36
961807777
821974074
922849940
911804915
744048255
688861247
-29
5
602816224
697361813
-17
607136761
822825433
-40
823854933
955846515
27
-49
7
-45
18
-13
-4
23
-25
33
974995318
980590665
43
568413840
727483046
840225437
-14
708539296
43
943342807
545522207
792381233
537625348
-26
912123382
-6
-12
574376630
-37
45
16
-7
-30
44
-24
768789418
11
-23
-7
738669423
997330959
-32
-32
543993181
634512899
-18
863289445
639700821
-30
969718655
639339813
737580595
22
748115800
983959528
758456102
766055552
543772602
518568285
-34
894992686
35
834985415
-46
807347671
-39
582647269
505580484
-46
849873261
805197183
943986687
515203175
937351011
50
898275271
885022898
14
700985505
1
630320458
27
-15
-23
0
665591295
882536747
586580348
803277310
856080007
-24
-36
20
602310448
994777900
15
798119150
13
863416463
530041497
-4
37
982800154
705241297
985446866
49
-27
-32
849230100
664963343
554562684
536341086
-5
666239001
49
-19
741981227
910482280
581062480
939017514
-11
507763828
883749338
867550146
903663467
893304520
687504286
613034647
-8
34
-34
709216724
-16
3
13
-29
844036342
33
46
-7
-24
-22
29
593185590
14
610948670
873421359
16
650500696
23
714893799
531623325
11
-40
23
746036518
-47
-21
-45
6
-4
-26
840981449
37
-48
580294889
538968065
953443858
1
6
594032877
-49
697766824
938244577
24
509981499
875847949
5
945056138
826435648
28
608453895
946522057
643036760
31
-49
911135805
578990778
980764180
929399064
24
635869373
729364564
17
-10
-38
841985147
29
509259369
958130912
851075569
724563151
49
898615692
13
-1
-36
3
-46
510231425
-43
40
41
-45
866742345
28
587745487
8
-41
968144571
12
11
973081373
39
-16
719326641
3
26
-38
-6
779693546
-14
899503363
-3
6
916563896
796461286
517980805
5
8
9
-12
714532414
-10
-16
834305052
857414096
991642755
-1
-11
-33
761765523
738989563
991124624
28
715930986
919672398
21
635382724
586715797
657770233
35
43
721857242
0
-43
997836530
45
537856062
7
42
-36
965109525
950819634
14
982286040
797083800
10
24
735755073
25
567314544
611973350
22
-26
615426578
25
-9
960442211
22
-18
-20
-37
5
765323503
780976188
630394620
0
-24
868364209
818468943
793306833
599015651
-21
33
-19
6
-18
528795341
864293138
22
-5
19
-12
832349103
982697805
949342717
592252434
875333679
-14
777928508
-31
864607734
560910377
-13
-42
926763510
-17
46
-50
967306159
29
34
22
-14
46
-21
-31
50
6
-50
2
-16
-5
573976136
865525117
-18
31
807839871
773064913
30
-22
626681634
830731632
11
858246016
742774368
593860196
873685197
768248548
-31
-16
-15
13
23
579441022
595685964
15
24
539150311
-6
631870776
49
1
936141316
38
-49
13
589870747
900370471
859355818
13
26
900316065
814295258
806572621
868350167
28
22
767665895
892463989
31
-7
4
623075157
774929049
720052326
804808662
611698037
916242055
600333217
751258881
0
-4
30
792209391
790484993
837342891
571121298
750587578
889689488
-37
771352568
586256587
16
834159588
504380657
-21
585765737
533833949
-7
729346494
833583755
800661508
-49
559497728
-15
523401090
790248780
878127011
19
18
669416937
734671067
13
30
-36
897897580
-44
48
818230767
570280620
-9
705080007
-32
740812620
918014051
28
998320096
853581516
757324749
526900323
-30
920702804
747022633
661790219
735302965
833295328
824196404
964534834
20
31
41
29
6
-34
-38
8
2
-7
577148486
736913238
747472135
962647401
41
838924542
952035426
821643241
878232062
699387573
3
575262519
43
12
35
-21
605599350
30
-15
45
577885030
516836405
-13
644839023
5
39
12
969029038
-45
612487412
33
22
754641051
-46
816673984
-15
39
-37
995825947
750664177
904800641
782290878
-22
-12
48
533118829
11
-16
818581132
-26
15
519664159
41
686773668
806209458
556577498
927737344
802052656
849427268
35
-31
-12
744504755
741253542
986445659
12
33
820730861
821026109
15
638756211
558721408
702232011
-35
904773464
22
-20
42
713621096
535469331
21
937990545
-20
892499327
-28
17
845147318
806935678
694188426
843559889
780975697
34
921395240
-27
45
-27
-8
10
-42
565026640
-22
13
914315487
922087339
752832946
506709915
-21
25
-17
50
19
12
574804515
-13
0
918578300
983018730
28
727857002
-12
808394174
-16
-5
841884070
653527597
541693890
-47
573711067
755291008
41
661527434
649362271
751918532
916089866
-48
641872045
685071907
594833497
-15
914240630
30
998917370
596692642
654667049
600909347
965201060
49
36
1
-19
21
-48
921690473
536646523
-20
611559099
656573725
-1
-38
-15
-19
634523606
757301013
712170467
-8
732284947
-8
980537962
910129198
621366608
760537978
-20
718514091
5
509793016
5
712736044
655378005
18
590041231
47
988731092
6
512060836
768585710
706289213
-23
592693272
611764684
13
-7
548214204
-47
-38
8
24
797436800
557454471
749949849
673011239
627511279
-25
-24
-25
-5
-26
-45
786887812
799040640
527936947
22
42
-2
845616330
13
1
-18
-38
626018841
942042521
820951384
39
674479632
929005355
18
799593564
-18
941626064
865154661
-31
750611856
-23
958270803
767967568
-16
22
-29
529293583
-8
985396925
8
544776374
876942080
626139977
6
15
881280161
946780155
894448701
40
865783601
548871803
-22
974519302
-11
5
551595056
-6
925733145
-44
944980146
-17
757663054
-18
30
37
-42
24
-10
922096838
850883123
-29
717028484
855758539
839569403
-2
594164971
24
-42
4
804877287
-37
-18
-45
586669357
846033047
885052723
20
652373398
-17
0
694971448
6
746241278
30
957145432
19
-34
37
44
-18
-16
952004909
778303964
23
-26
-22
19
921091016
-43
570188963
993763161
875739454
542690090
751494947
-21
19
-31
872550641
903955968
805215996
41
20
34
987994020
-48
670584517
516463774
737153515
609473614
-38
-10
-39
874334919
12
602353790
-41
34
-45
924292675
940299712
36
896387483
990278024
7
-8
41
24
22
519119252
632106409
25
18
726394302
547283267
553093174
25
-30
513140748
806956218
25
521585900
0
-25
751966809
712255523
815507709
19
26
863557206
-11
-22
17
-27
839965759
-19
607090829
-45
16
16
18
792665820
691864356
-15
25
820569330
732585511
846976179
846180948
-47
4
-17
31
695337933
-36
583877384
836641682
514762266
775206738
503714866
727684799
705782007
3
815490783
14
25
-48
947956649
-1
621577603
713989434
819721596
594910384
21
946424420
-18
847212481
-36
861362732
540107096
556139740
783295270
0
854336885
806996043
43
-49
595849126
977226170
-48
709243769
38
14
16
-22
904376720
-27
648106361
689911433
558084298
-1
33
974358168
20
819884303
662266165
-6
-39
-23
24
768541899
717600440
673928425
502096314
-24
10
-50
25
984533622
949368511
538051617
-20
574544391
519126313
-29
29
831473165
-11
-39
-34
-7
979653371
620211569
-27
765558932
35
24
-26
21
509615682
-15
701080358
-4
851545367
932027511
892235516
-18
693044769
531384244
982180614
766734280
-48
-5
15
20
-50
15
825332056
-37
950384227
40
951608541
716957666
977855432
-13
647953920
-9
-10
922762939
1
9
-16
667630187
5
749064786
-48
36
-23
899417522
770072887
969860052
810652897
658187111
-47
935912078
-14
792167431
-17
552639062
994729376
-41
733800494
875076024
946852764
16
697915229
977397411
-25
968076912
645717161
26
-38
843852511
731624395
-28
595662705
748975415
-11
569372971
815497425
565637164
-42
701332280
783639626
955427006
634293291
753428107
828955297
747869590
867323868
853892405
50
45
-42
-38
-4
607230262
546445230
35
967649774
853122646
669634839
-30
27
-18
536169139
511288475
818070671
818367231
15
588614511
36
10
825277484
42
882877785
13
883573572
-39
-24
41
979607005
-11
727055936
-44
10
-18
38
-36
559547663
538368837
928367902
757144629
773215289
32
17
4
50
734158330
42
4
563254708
27
-4
-36
982014126
831611432
17
14
37
887738871
681583634
951180773
841816204
42
48
716729173
527230548
-10
626675302
-5
570187129
29
835540109
634662206
573207769
937926158
36
569092512
768964063
727489761
46
-29
32
780158025
790162590
-48
778296860
50
-31
669528750
-45
-2
29
624434304
16
613149420
18
511756182
899511524
8
23
806793129
20
964375609
-29
646375857
32
-21
589378799
18
-7
985180019
40
49
936309319
-32
12
738241378
858065323
973310511
-14
930055637
581339838
34
-33
932794694
877757917
501841604
581958509
938896324
808928302
883782419
-46
41
741823286
699965802
829354036
570382238
-49
571278468
755432591
-20
2
12
648603326
765313860
48
21
577829808
29
32
-20
641724474
678551768
844739652
854051312
-38
-35
849663519
694098409
44
27
-28
-32
39
44
-45
-13
46
-22
535335137
574440491
869586774
-19
20
624746135
3
854483981
-5
-29
946582258
-24
-21
-23
42
725830013
670457229
-50
12
859690443
775586912
735512164
-44
28
820480769
512497346
22
-10
504653665
-10
868556390
3
687207082
12
702917627
-11
736557611
782881225
979252532
22
48
807144205
18
594386718
950539303
815921009
611040094
-30
11
655020648
-47
-42
504759623
943834653
-45
890423943
522256841
543808353
-20
13
0
31
22
33
-21
778509152
989185186
610521079
23
937554007
984698121
19
804780206
-5
-8
915741192
886512923
929081793
645089009
34
793220502
582317317
7
518666408
703064267
643137233
709549707
-33
674648950
-30
647072369
-15
844745909
39
40
-36
-20
17
997966025
754176757
43
633481686
-14
635169506
899778109
33
-49
800242322
855107928
593844755
538788252
714264247
31
34
6
725370102
-50
-28
-47
-21
-47
718376436
590583727
661752016
861803309
961250748
41
-17
553003052
672840090
609298075
-18
6
40
576255080
660301458
49
25
851991762
748766272
5
509963789
39
43
607900472
530174154
9
-30
608687996
-29
958365500
609261586
524993787
880831924
34
48
739817540
633875931
-35
993358060
637825989
23
25
32
0
723624558
-43
671370847
547985087
663878710
660721587
39
600433102
-4
608129981
576998372
46
557593282
0
31
978670378
743304470
765037231
971042198
-33
763784536
974283817
583818116
821968284
-25
17
650013434
607331155
-46
-29
827851834
677348673
17
42
-30
815251873
-43
533029405
684797121
824492349
870482372
-27
669967238
739798932
-11
869054219
44
-26
783266658
0
792995636
-2
566089522
-24
624916246
572347704
45
744876640
806650455
929182069
-4
6
565523403
750729584
583965806
25
25
-1
661900696
40
722986004
45
583286642
702593745
700367995
42
720348474
-39
858398477
859537481
577541293
873238973
38
719978534
873036311
-37
-39
573028883
816316171
955614554
979205421
50
803329971
859815135
838336457
890399458
48
939760294
906362980
905478384
502434946
798975264
41
791142492
877670763
8
-41
730987874
725675904
-35
544170656
21
534108894
-7
18
659459168
733948844
796680552
669513982
939381312
-40
609155043
-43
-47
960469660
-21
681773727
-48
811170210
992409743
528237815
30
38
19
32
-3
864469380
-40
732367575
-35
788323505
733994012
34
936055998
-37
662170048
834658879
884033511
659470005
940730346
-20
-8
-26
20
703478711
-30
27
829792129
912163336
823600299
7
-45
-3
17
917481861
-13
794449796
730539102
19
-43
558318528
31
-46
-4
-20
48
-14
6
794843790
933075102
-16
651528502
599670032
-7
50
10
-34
7
530940533
621288205
630717482
935122121
-47
688407099
690117786
-47
748482975
556807354
916159535
691549561
668156134
722183915
734115988
542582187
6
579879512
575457684
-41
2
649076364
950985346
40
11
-46
974822241
523168284
903082239
26
-29
536124177
701059494
-37
-1
871736355
-47
-27
639358209
-16
989784294
543202465
-13
4
14
799035514
748590213
940410751
-25
921873532
532869543
42
903914101
796014450
15
-41
-32
544842289
13
507045959
984770394
-24
-37
41
-13
-23
-1
49
889924997
673528090
-29
39
509080180
781059287
898668291
631278570
518243516
-32
50
860624449
-24
653229460
585569622
518874880
673488626
-15
896956053
961958576
49
43
-30
766601131
41
912892082
963830658
946541269
519974869
523155201
692575606
646242399
714822555
962153211
760819862
20
737469353
-43
748603419
928349142
-45
-15
-7
-50
591031783
-41
523553827
636253671
929568326
620825398
20
961014513
521842764
623045986
-30
798419132
-20
20
23
619647542
-31
47
-44
629602938
860010405
-11
-7
767933908
-15
-19
39
28
-40
849899575
931727973
-47
915930568
676988954
665378616
30
-29
-38
824517620
607948975
-25
573973264
-15
574747843
17
854664233
-13
965272493
681973090
-5
554967209
907651774
42
887660518
678837074
701013892
713048765
-10
35
-47
48
794411728
-26
-46
875910852
49
-36
3
940882612
4
807922294
50
996864957
903658431
617920813
-18
-24
-40
936394236
943221023
743125707
-43
952077168
-4
691325100
848049187
16
943547825
601355275
830347525
-16
15
938757522
-48
-34
579239026
9
0
644119430
771592679
900439599
-7
984948520
18
505266117
946843062
15
-9
990682367
837299953
3
815585633
16
19
-48
2
757803642
26
679042586
948613914
791811352
19
992768148
668520299
502270327
-44
530550967
931866019
933204376
17
35
27
827489040
47
32
543001950
-18
882094304
-9
-24
568248551
-3
47
558755814
5
809164884
-14
957508716
761889045
940053238
757309723
-34
998724004
606295618
13
-11
516779114
959042923
613992241
674610042
687827282
15
-47
695814057
915230198
553139426
739626828
742231142
29
-14
844636503
-31
2
648421764
0
605814722
504531440
964960123
0
682149274
722790347
-36
858009491
-26
-41
643689271
9
763056113
559485552
883079175
-20
988336097
994824107
659834307
-45
804417568
516186921
-8
24
658061132
842683379
545540648
870068580
511734449
826417523
991579011
766150035
853759011
-1
565250649
965710133
995804194
-28
-44
28
-30
-25
994058604
50
-3
544527208
569517749
20
40
729220846
-41
-40
18
800730703
697247701
647921497
-42
-42
5
-49
34
-41
-10
-20
20
-48
613474007
29
753155240
47
652246242
890064923
749646259
-32
35
-47
37
944880463
23
802900526
16
-10
720924635
937873628
735935487
651119580
751726870
773322387
830874141
843295043
50
50
686224193
556474944
12
862402330
-45
928329836
879367706
26
-11
-17
950379439
28
3
800540769
788535368
-50
612935885
8
638051569
-16
910451606
-46
31
-23
899796693
713465829
-30
-1
-32
996728089
32
-8
651225377
13
648951098
49
996080686
-20
917126832
812120600
956137407
16
-34
567731282
40
-43
-48
-46
960380042
-13
-39
-30
15
754994351
756214508
665807450
615218952
-45
37
23
-37
786669454
907605843
938528698
8
714711300
859929731
-43
-16
841030452
509841638
789535967
910383850
44
42
559535052
47
872117946
968627020
38
36
863179708
37
501538452
-15
810125070
48
48
8
-1
634167093
520067110
773389206
661179821
856796572
541549254
-43
501809633
718046239
15
916687045
9
979328714
517446609
-37
860450990
555289850
29
859557301
27
-29
556021700
-34
-19
934832691
-23
-38
-45
707218136
24
-3
-5
775239387
-23
46
803709565
782867030
640861556
904049695
788851530
587750300
603003307
28
34
921993710
19
737745145
4
0
951813286
603261819
49
50
657138367
573471844
562546016
853735708
507959524
968958789
662677653
911643780
959376529
950040301
719994314
6
27
633427338
872496519
28
15
-19
949321774
44
870871231
971037216
803923661
35
860817805
989075787
26
18
827284956
896120894
676244111
610332170
12
579489132
-1
-31
882781850
699807376
-21
571111660
944456632
614111937
-32
14
810044325
-43
761695880
27
45
-25
884549906
859090047
16
-11
-33
890210974
39
6
592824322
17
-34
992537954
1
25
505448861
45
551973709
-45
986441145
856805661
725339777
890203331
648799130
641744446
624026430
-5
665938352
41
827508272
917942675
6
-45
810691082
42
741505971
868318743
28
516132936
558117535
8
663244009
19
-20
630731630
941593720
745869311
1
5
983167756
-34
653099263
48
979375531
-47
638517128
693693569
11
19
664744784
914765545
36
7
21
855292245
925669370
-3
589630076
858959275
7
-50
615311533
880137028
50
990532921
39
694242152
987214777
14
-3
657806346
717808316
836206355
571236044
-9
865302306
613173889
8
-47
786568201
-44
992238129
975165558
815143758
650718620
849833416
851912116
962010123
37
4
28
704505584
613282566
937310222
-48
49
48
9
-11
-10
532926951
-23
840848121
686540025
505938336
15
5
515445604
-29
-3
628728832
943511513
605444189
836639539
13
723437960
914414957
544281290
894527422
873885993
642690648
9
711011421
7
668828712
703316971
545331065
-34
789922817
-6
44
11
897677600
860994899
-18
-1
690842495
25
918692723
590528857
846496560
-35
992620130
40
810104009
7
29
-37
703736941
635463498
620987606
30
37
809794792
-22
8
28
813600369
539035578
37
47
637953335
-16
689058958
792230847
-45
27
807917783
956604106
940220764
5
-26
923555925
30
776512933
577165268
25
617710801
31
-18
751946395
794474815
-42
-16
681345422
704037931
-31
746787219
818842476
667681829
35
-42
-38
865002280
996411217
-39
925573482
-32
-38
514327508
-12
32
-37
7
-32
842741268
884389989
835969127
8
-18
27
613524547
607322344
3
881021318
10
21
-28
37
874672135
516902243
723175223
31
622343461
-27
-48
692785577
-31
-30
-29
659915463
805748368
826409787
-4
-42
737763107
12
904837731
36
542519264
-10
9
545944631
-31
511790299
-5
8
848785710
46
28
526438746
20
668355522
-4
642791772
-37
-6
45
-6
626287693
963309008
-10
45
27
-18
-25
-12
-30
-8
836589561
623166160
-44
633576401
15
528490823
-7
855515913
652510907
2
503197962
551606011
46
677492232
998906447
917709591
976599708
-28
771897606
529530311
923347967
46
820943757
941433659
729337994
-26
2
-8
532652277
560324341
699233478
18
16
910197975
620123882
812460980
684418003
49
853783348
-31
661844572
838837398
15
43
37
939102623
-14
987296662
780941115
-36
723945966
10
-1
897911235
10
-23
-27
852619686
42
808065514
764840348
645772474
825232303
-48
29
773468245
38
771518400
-1
30
15
-5
-40
-29
-31
777205740
523367785
832516182
15
673206650
597448460
522613310
0
-27
-7
980736573
10
929888654
897551634
755114765
643037396
719769401
20
-35
0
904487648
763954917
11
643507616
28
845797411
723713348
-3
-6
523909143
644658248
902202103
-28
506665474
887177239
37
38
727479644
747628032
978450989
569328819
-35
21
661429732
44
712493181
16
934549607
983936224
-50
619977332
791793169
-23
3
-11
564646936
-31
49
765794282
-47
21
-17
10
-28
-46
601016856
-20
47
10
769496672
950664107
991068764
792064611
979996393
-36
968196627
526827016
757574028
5
-47
36
615816738
-33
50
762919342
-31
533597370
690911122
17
-45
-48
964114145
0
550866196
707824961
755085611
777161122
762035405
554132510
531866551
520912256
-9
784655545
-25
2
-44
43
-22
700055603
7
50
-39
671051077
656839517
824937591
767050330
791980504
0
-37
-43
910401143
954440192
7
46
962506599
669793813
710485127
764048127
594407078
11
-2
631836322
688152670
-9
686440819
950506190
625911380
-3
-9
944690421
679212596
-47
827966696
764705813
-1
661240023
982250093
-29
-33
-32
2
3
965272675
25
843645196
818864328
601493718
753106378
50
35
934750728
855764970
782629462
551056942
541056510
-1
999431993
768392739
12
688539745
-22
670584205
-8
594033659
861465753
-23
-45
-49
0
699763178
45
4
651487751
861355806
602604030
31
674089778
962769145
8
49
976512561
721661866
-9
997054568
839848346
851218050
605585268
972971875
17
952550648
-12
40
-32
920789988
35
711708229
0
-20
699045497
34
986555727
763434234
37
-23
50
-16
36
873970449
798992897
939781215
17
866138153
959026964
715260648
-6
-9
0
-36
598446701
-34
32
981814502
33
871739563
896591929
2
-11
16
9
20
776486174
4
-45
-34
9
861052175
705999999
927295431
25
665747447
-49
-26
42
733259670
555590783
-29
5
774033777
905003055
-25
871766690
783999670
538606142
-33
32
706666125
-41
29
-22
708696399
614116600
3
520490840
929281338
935744031
557681132
25
-32
-36
31
602759198
516219794
724854070
48
831954613
543938201
698645452
693833453
-29
799870751
598463416
641445132
839353071
767567222
-44
727826405
528600016
30
577237804
-45
40
7
35
-31
675694340
836592208
634850998
562553960
-8
-33
790313637
761902689
43
16
675792618
883262762
745029093
-37
0
25
39
856466574
43
18
-23
-27
15
519303208
22
43
12
744857628
46
27
704604863
-30
48
-2
680979825
10
-13
-31
666457853
992592335
37
886692140
-5
-3
797515221
-8
828584908
546882703
4
701604005
-33
-6
-24
854146168
34
660737533
627542729
691589673
-46
0
943169225
599035241
-24
743976289
640290766
572864200
917905700
-14
-18
982068638
-31
-30
36
20
830163202
920165910
-17
-17
711200861
29
524913536
-39
2
13
603195611
-1
14
19
993714515
-23
764039912
46
993497227
-2
878284816
815320831
15
572376912
551680582
634269255
-1
862967963
-22
26
-11
609525293
688758028
-50
-9
565410346
879197960
-50
853958372
679036824
45
-21
652699592
736199515
-42
26
1
12
22
589506342
37
687948683
799731505
865082010
40
34
513804221
583686071
753673560
866485598
885093468
5
25
988754089
786691950
630678608
35
666146147
655333922
688553738
897454772
568721840
567852444
-28
-28
-42
652760403
-1
47
730475554
570727369
932886471
502639152
-2
539165881
15
-41
-38
29
-7
27
25
-23
505391856
15
951596053
-30
955166360
23
962388024
-47
1
49
867759546
50
794867345
701987998
-47
-10
985609184
582591852
721701233
598426656
875820712
-20
521029128
-16
549663365
522116381
8
7
588277199
776080014
805809670
861770350
556065271
576414705
886251136
-44
-11
725803378
749822705
550629316
27
950080015
44
922684206
679163511
-13
723970583
-15
775772456
625301372
-26
11
667695029
-11
5
729830793
707304288
829068232
696078924
33
-41
17
-10
758894050
952599935
-25
573224245
44
45
919177837
724411872
-48
14
50
-39
21
816446315
-18
5
-42
50
-29
691162319
723792957
951278153
16
-48
917345552
-6
995769696
-32
640141767
560437507
29
848259712
978800383
973012020
986653782
15
43
37
851842623
5
644939835
765180445
-16
614147055
868954106
949861535
711898029
3
16
-17
507943806
4
661040601
714874741
35
15
806325511
950251373
-32
625233696
-18
-40
607390083
634045157
11
-49
-20
-10
-22
944966990
-38
-44
994372583
609461180
823207888
582624210
18
823907503
28
-32
789950312
952465161
972527315
630054369
729951041
587932204
748812000
516294162
862536667
-15
38
-6
-49
535826438
751978790
948779456
32
950203123
28
17
865419813
-5
569705772
28
25
631775521
875955306
12
20
-44
-42
984469435
-35
739716695
29
517256137
946345451
37
799249891
604321918
35
-44
-24
-38
31
16
26
-37
-44
771639085
533360768
31
580071208
672878594
-3
-42
727975753
912692642
613885791
-43
746747251
599664662
860216239
-26
-44
-25
700857909
504498735
-16
995662558
826308836
-47
812039193
535038099
-10
925564059
591247064
693066392
529626379
-34
14
3
579830544
-28
724020025
850651821
535450516
-15
904603052
-33
-1
9
-13
689849361
24
22
805969664
727439214
832175405
18
990978214
575763373
851167405
710377398
-49
38
22
702759528
38
-29
-14
-40
-7
-45
729383475
4
-42
-23
804318303
-16
571752399
819601011
-2
657280669
-50
540321767
47
752259458
617394881
929771292
588879430
-18
721525273
586164415
598908239
50
527973860
2
691993160
45
43
984642989
773941545
-17
559518692
949356006
920862955
-29
-14
822826456
602271433
-37
-1
907819513
516985952
651397393
587485058
43
45
952902506
635248304
986862371
14
19
30
5
34
741111097
-13
550058791
8
11
993861152
-33
519197065
-22
779664855
564926406
761941695
-45
818060816
22
660797125
537110371
-36
947930752
49
548003783
-11
976126435
-10
789779833
28
-6
20
-9
561715895
532847555
819721905
937340327
6
1
586737871
-16
643032641
853799581
585006032
513047882
849010098
580689495
-30
-20
607137593
528102155
-7
779215238
-22
31
749692198
649665358
-17
782083742
846898676
50
49
8
966623660
905657746
633280830
956949525
14
-1
923754007
-34
-39
-48
30
33
-5
33
889327685
604659219
-24
651176785
14
951674675
-25
2
545116926
714333867
-34
16
541591038
28
34
654492819
768154402
962118062
-19
25
-4
-2
-35
-37
29
943195799
-1
666264034
776702602
14
-42
2
802816412
-10
34
628593075
997823362
905095298
34
2
9
28
845112027
501226365
19
-21
695044807
549793848
-10
-10
45
916736466
4
6
-47
991086294
-11
969631462
-6
839182639
780886761
624564233
986456592
658324374
-39
50
-34
569146408
-28
-40
-18
577664973
5
-20
20
31
524232490
560565258
-11
810484544
46
705184338
524497885
814594459
977838269
21
-38
43
-20
-4
33
41
706338557
742711798
643393378
35
-30
-25
-14
47
-37
998899456
839149800
-41
555693496
876118494
534640061
952214022
-9
709678999
-41
823212680
48
701720944
515132404
553328202
637352656
-5
-14
-19
880154608
685250722
959368574
-24
906401537
6
-48
961396285
-4
4
914560204
872199993
661575813
717443343
577598586
976760866
731382950
615429441
676393131
735050104
-12
23
769601702
634530463
-32
947884959
539061842
561404741
751644108
893166862
-31
732474868
793659673
904808943
-26
11
908723439
788581497
865736285
21
-41
504045388
13
18
749254926
-17
666619706
-24
793807640
-36
642215862
38
790192121
26
-8
-16
587995228
659269102
696072462
982513062
571650135
-9
32
698804220
-3
21
25
893860230
-18
976909894
-42
692039214
923884681
49
44
995210073
539820434
10
-3
599290373
-7
502808779
754549626
776310978
17
-49
889397271
7
718095257
45
-3
971608808
893464389
-30
736213070
-12
-18
40
20
-18
1
28
728591390
812953271
560100288
522844545
882256026
579099508
810522121
995053202
653256650
40
2
-7
612968651
34
-36
45
779688965
703155991
797435497
-31
898723323
960535071
988123596
847406815
-42
26
530530331
550696914
-29
871319263
45
516659804
-44
-46
-48
-3
38
535339267
-47
-31
4
-16
625360674
26
41
22
-47
730456596
705884679
607221383
905351009
745783771
-2
638215846
575246204
721067863
-33
902782574
504129207
606892164
687772161
31
26
-43
-12
-22
-29
39
787247483
-4
-40
46
-34
608953015
959817797
-47
-37
936016577
13
679558795
533130882
-30
23
854472960
963941255
15
39
613829342
609693480
758255700
47
27
606557054
18
-50
991266906
-22
38
6
990269718
-21
7
30
15
-12
596099206
957893963
29
-32
-40
637416346
12
655281842
35
-39
6
995256331
988153036
17
41
641059880
25
-50
44
736303570
14
541375088
978348318
-40
28
895606598
928910444
831210204
957377034
-1
-29
904876090
948503266
-20
920618283
637713771
-11
984784065
8
15
-33
635038916
801796209
29
910481698
41
-37
614071981
9
669333220
718902220
520255204
-25
-8
-20
824064141
16
701974273
-7
31
977832600
900244354
-9
-50
710157843
856908809
613335871
725508411
-12
692711887
549564866
833195252
619997066
14
755956094
843535417
814974369
-12
715825480
743652656
39
514665981
500119025
-21
916250366
878136410
47
630593240
26
618166881
854919228
842271585
45
18
654676310
-24
811435534
46
-27
-19
44
-34
789434558
875797465
902245882
-47
13
889142487
696055805
6
38
-45
18
-6
9
-3
842239634
-48
845459391
566268387
-22
770569348
578550732
965088898
-18
980577536
46
842454271
538096499
17
-35
-19
-18
-49
26
36
762329702
812230241
785987982
18
-12
32
544463558
37
586688454
-4
-43
-18
623191679
-43
41
893612688
509466668
587404217
38
-20
689691258
959003863
21
-15
40
752350322
-13
557681590
598114758
-42
536624528
-22
40
42
4
811167760
23
568525152
-30
-47
-49
-35
543873668
566171621
764346324
628797179
-41
-30
760760010
-26
32
787740315
846381216
842758411
39
16
861898133
-25
43
995123416
17
665884619
-18
-21
581169071
819433090
-40
-32
-8
541868153
702010288
11
-17
40
-44
-21
-12
18
696232680
-38
558890784
7
-36
684786057
-38
821389979
15
560018337
562613409
607752784
45
-33
597801858
638252437
-9
998240367
37
-9
872991369
-31
595894316
886381007
41
32
584363774
-20
-4
789130215
-41
726959280
738593096
910844807
913296799
943814844
-34
899870892
669629817
950504020
3
614419905
590722744
748703238
623853399
830743210
970254467
7
27
846506116
728523226
864992773
35
-8
964871771
917562909
-16
4
8
756324332
798167825
-9
695463187
768053028
682008328
572015262
977971538
1
890291492
893085818
803815981
728965540
-34
806737766
932140124
34
817558799
992389257
-9
710245369
-34
838656368
-35
22
36
-44
21
-39
-4
534607818
-44
-12
15
32
912865904
-7
37
826050329
34
-40
937295688
938487085
-20
509413732
563808472
653069974
-5
36
700466074
784766291
35
661180067
48
-28
961583638
10
35
507585613
597864901
37
-43
995409060
44
-42
4
825880210
46
16
709762915
503371217
-39
983060447
31
35
820069482
-34
847831097
938260460
21
-41
10
602481056
-5
838783110
776302056
677591902
23
-36
43
628703860
598779314
-38
34
38
697983908
991527510
37
574056369
-32
-15
-26
-42
947464152
697314182
18
872347078
0
-36
526181606
511518628
45
-32
518201435
825910031
693278785
573975617
852470422
630312249
-9
20
877299190
575636523
-2
964756410
752536411
963282123
32
952882797
517283981
49
6
757203081
977852034
771710621
26
-23
34
45
9
39
-19
713743006
16
979097693
545771802
23
-34
647294904
-5
5
44
797805735
961041404
0
649751788
32
604244141
533945934
32
719987994
633224004
2
28
-9
548454070
596164965
-21
15
941115386
-45
631923503
972720028
921513113
809786617
19
5
40
49
-5
41
-31
-21
-29
530569879
946636461
15
816232998
23
42
839010366
537753012
-25
-49
624912803
857539899
-24
15
0
-41
945129355
799753261
15
-7
563604628
-18
-43
501405957
1
736092354
22
877477598
638674608
36
1
50
-28
960920158
931552211
700329876
824678148
31
509479067
570378083
-10
630340967
-7
976346432
654593752
-34
725553401
738117293
741144095
707941822
-39
-20
677823735
502295624
24
1
931155539
917548942
49
869535695
26
-2
28
14
886326999
858476974
822544380
47
596126636
-16
826863446
895218858
709659807
912283047
12
-39
742791290
823311299
789486814
784771964
766859823
-14
691719097
559470615
22
699597230
959325384
797375383
964947657
764966796
-12
14
-28
44
772777466
784357668
834553959
504669164
34
-27
696246108
907530866
733946141
-3
30
550180549
526523596
-38
28
852136060
533886247
713722594
-5
921285825
-33
-42
-4
-22
556772187
37
927898587
-31
-37
41
19
39
5
-31
49
-11
-47
-31
518768871
943354930
644065624
848812713
-2
958693025
-47
863814575
10
862307008
13
4
3
43
792394692
602819201
-46
884135969
795138913
628191807
-24
764550032
8
635778821
15
956066159
-3
13
43
22
-33
-38
895654488
883369242
505492859
-1
806810700
909068860
6
781100599
-50
593567005
541989743
24
706885421
912678622
-6
2
549821500
992975290
857655118
-10
-39
556544579
42
19
799712633
50
926992001
809078670
17
642773020
518151263
903498142
601621791
-29
844907587
564372038
666460007
820304227
-23
654042473
-9
35
10
-44
1
44
823897588
-7
46
672127066
-17
641398450
10
617195469
-29
-23
860065421
560606249
908230452
34
846341238
-16
-48
3
-28
-43
38
649307315
33
42
30
986129525
12
-6
-6
728208103
664952317
-38
-10
533139136
707459113
965340305
693199415
579568971
694607061
49
865272268
853610976
-38
652692786
22
10
-35
536599268
736963283
515704074
34
-10
39
852593976
690195247
967937959
-16
901003536
-10
825375614
19
-7
779534679
512861128
18
756682812
508849132
919368709
724646744
960911725
670985566
503392385
959618548
35
701686573
-15
21
-19
621244401
-1
819708310
40
-35
738807431
752163490
-7
618279938
19
691338944
539518204
573227465
-28
809345757
640525972
-16
708243470
-26
-47
-6
611379997
-11
997414584
20
24
620222670
39
743893766
760960833
858918348
697420654
994835221
17
-49
34
967012470
609534636
43
39
641200545
681943540
933312086
815193973
597059205
48
615343219
844961985
935826211
-18
982388551
737468244
-23
669416682
731572380
957186616
877085974
-3
-41
11
-41
38
14
-4
680877012
48
843922604
40
843599516
40
-46
519520810
15
33
33
11
39
-37
24
920347538
-47
40
629694102
718365556
-16
-7
940400156
983751738
953415112
-42
506703968
-34
18
519328253
19
705916399
-19
42
931318995
572535866
29
979553502
41
2
-4
801850648
-2
39
23
-23
515385581
689218373
903976035
940701397
764243240
988907802
887893722
796144133
936892647
773500465
-5
534560102
737030156
-40
20
606684635
-24
648679312
705705838
-46
-29
964950682
585354942
-10
13
539331121
36
949961686
548629847
628929223
671615728
-18
13
2
847621963
-12
644721139
-8
28
-26
860194868
-41
25
22
-12
974114229
4
528152061
0
-36
44
-15
682338931
32
26
6
967725479
-48
620485193
-17
0
684122756
813621742
-11
573015147
44
530574075
17
28
936647533
-46
891197998
858188828
654930768
14
-39
771300714
-47
829804820
-46
-12
15
-7
597114067
6
709188561
-23
854053354
791746476
827676208
11
-14
44
21
895812139
-16
593108835
954765443
666989538
-48
578289542
-46
39
45
707511670
872422790
702120036
20
5
17
-18
624844778
-39
-28
594263298
-18
801525157
739137045
971504203
-21
624072656
785110242
832575133
869965854
657816031
40
624926532
840894096
-41
27
27
-15
550458974
-12
-18
913232765
839845819
705985694
865870609
29
514280231
-7
-41
575968253
533291125
745137822
521978277
950137910
-37
610107868
664603850
19
888282390
751302297
675218416
32
667175826
-29
913431245
-30
-33
-17
873880249
689182162
-13
637329440
28
-41
-3
868374764
838657875
35
829931787
570635783
25
524838081
23
22
45
5
46
23
907538340
920926742
-46
932629806
785851462
-29
800103473
-16
19
0
4
38
14
710944713
24
14
630940558
942475412
46
-40
957094068
30
-18
32
974062897
10
830713080
978957213
14
-46
844082590
529215353
9
-21
46
872203755
635127696
522726596
-38
41
35
-14
-34
752761504
557270453
743494217
15
595914015
598827004
-14
938044468
921990809
991850516
18
827691023
549994726
654536981
-34
16
-22
816301302
-38
16
677370414
677151392
-33
761211015
21
20
0
900142284
667931983
11
729774246
863566501
11
-20
32
7
689650330
29
-4
-38
550795521
-15
-30
543621588
718459130
674330871
-48
631871439
953004092
-22
760877725
832361239
542940479
28
-12
-44
899907822
14
569013085
615206639
-48
10
-45
28
-41
-31
5
-48
901014766
533213906
-25
522634548
32
748253622
3
953639362
-47
12
900916664
8
-22
-44
619522403
-41
22
-25
36
803178615
40
23
-21
791934045
958313105
-18
42
-21
-21
-26
816661491
888592999
5
16
574750945
637567669
6
656429275
711713458
628543615
846897054
801903256
-28
957786109
714130947
625178737
618526312
-50
917056192
760495960
937495675
45
-33
821498402
31
639378435
16
-2
19
547938157
672909434
-41
834233896
764246462
674702719
-29
-27
716053867
10
39
955017130
547790343
978409462
805029365
30
506087209
-50
546898044
-21
0
527883310
26
7
681310697
641686860
-3
774640852
691362644
4
857047857
-13
812996110
-21
39
519130706
22
25
831490203
-2
770787500
34
-41
703055001
665139362
48
26
545884249
-44
798994360
876600017
644360786
942345073
29
537955385
831777045
-21
23
794061802
19
702087106
971375123
1
-8
597684043
596715424
-33
-19
36
845732277
701147692
16
605006990
643565970
47
18
-47
876268013
990681509
589791521
-27
-24
872594030
46
23
831998231
781543314
546879277
-9
549607580
-11
593599175
-13
50
914270013
-45
674796913
636989401
42
661167327
7
656635166
775275488
849567936
571612494
770578384
778068771
780594861
43
559729599
14
752646391
926664874
-10
-41
519834156
859518274
6
33
881429773
1
904992761
-37
699564885
920091439
7
861210143
619797551
-15
11
-37
-41
-8
45
596474732
17
-1
561918057
29
27
9
771930753
48
696427696
18
755646408
28
29
527199771
917669803
-28
0
858780633
3
914377585
