1000
-7
6977503
8013115
-26
7979443
7240555
43
-48
8711820
15
7295041
-37
6413930
13
7553519
7104552
9429963
8319459
-19
-33
-46
10
6389401
-47
22
-2
-38
8557774
-50
1
-29
5121144
7505827
12
22
-6
-30
-9
-39
-14
-1
-10
7
7872621
-2
6825517
6470326
6376895
26
-5
7994359
-48
8594299
6681473
6062220
-6
9701038
8876130
-6
5575074
-30
7244172
5587910
7
8680695
7257116
7507576
7729771
20
-21
6
12
5297540
-22
-37
-9
-4
20
-11
7163211
22
5810064
8461559
5510066
9793376
17
6293352
1
6167074
6752291
4
5982608
25
8676869
-45
-47
7177026
50
30
8183391
29
-47
13
-39
28
8135051
9163542
5789019
6609996
7
2
46
9433683
8315079
5083189
5043850
7058480
42
-36
11
9152552
32
5231717
-16
8563735
-47
18
9403212
7082189
33
-47
29
9130227
5585141
8
7610966
5464251
5492487
22
-37
5780588
8742016
4
8747149
22
7179718
9280928
-11
36
9706383
-10
7985099
6893565
7248682
-20
15
5195315
50
5712806
7547993
-45
6422891
8092796
5758133
5291197
8430649
19
7562685
-9
6453260
7322925
-41
-18
-29
7440128
26
7846801
9320601
33
9867521
-13
16
-7
8332290
47
-38
-8
9913527
0
-4
6793884
-30
6409114
34
24
46
6593003
1
-10
-36
8170006
27
32
14
9504519
7818657
-41
9859908
8789108
9093359
6306770
-47
-17
5661461
6777604
44
-22
-39
-21
5907137
9129704
8354844
-49
9731778
9197420
-48
6342747
-43
36
7140637
7110411
-7
-1
15
6489636
-2
7219485
26
8399500
9152577
7328855
7102146
5376696
5029521
5838644
24
8925336
9513863
0
6909412
5202590
7932781
36
8802637
-27
3
6956374
-19
-33
8117326
6943785
8710401
33
6672422
9587946
5628179
-8
8522934
47
-6
7
-11
-30
35
5380742
-23
-39
8545007
-3
6414298
9979027
-29
5985130
10
-13
8
27
7271806
25
7547358
3
24
50
31
8667240
-20
-16
18
7388921
47
-42
9286244
9623840
5990610
42
5827369
5127347
-37
-41
7257302
6385619
16
6090341
8029040
8675292
6494471
-1
-24
7680784
8164163
8361785
9056932
-12
6947112
8207412
6990059
-25
-38
9575926
7661215
-32
-10
8591178
7615585
5687935
10
6705794
8769740
-13
5606727
50
-19
19
9737416
9786570
-18
9574953
9677915
29
7532014
-22
-2
5832838
-27
6162826
7
7074476
7
-39
3
7826554
3
5174284
-40
6277359
14
-23
6444302
-38
6841040
41
38
-21
-24
8
-15
39
8710175
6489633
25
-7
9508812
6266761
9147834
6594766
7461968
9203764
-20
5846699
6655585
7342693
6752759
-13
47
7132121
50
48
6188503
9292381
-26
6309335
7695848
7627368
-23
-23
-18
-36
4
7439587
14
-26
-13
48
-33
49
7651376
18
27
8414154
14
9499690
-21
-46
28
19
8773312
7769224
-50
-36
26
8353057
3
5765192
7561348
-32
8754022
40
-22
6445885
9432489
9857697
8621912
-42
6478709
6958988
8221029
20
3
-7
-29
8268147
7291983
6363449
5479154
32
-16
9399905
9290931
-36
50
-40
-11
0
21
5165602
-40
5176451
5084960
9280546
-30
9336176
5798854
-47
8301816
7730217
6033844
4
23
7077282
37
6438793
45
7173597
-24
-25
-9
12
36
-3
8771116
9803134
8207683
5062723
8
-22
9987680
7267094
9201850
19
7993212
8332940
-22
20
5258439
42
36
9254396
8214987
-27
9291878
9458252
5667049
9397089
7478628
-42
9671519
30
-27
-45
8
9979633
6355826
-37
-48
-36
-38
-12
8719087
37
-34
20
7765250
40
37
6734265
8617675
6668320
42
44
9311335
23
7715290
5158636
5990418
-47
8248671
-6
5540345
6161786
0
7039201
6382058
9479974
49
13
5522791
-47
-34
5387704
25
-1
6448613
8898843
5504860
39
22
9858233
5615831
-18
6244957
27
45
8330343
-14
47
7931399
8269056
7486489
8371580
5646820
8935656
9388900
-48
9549472
8264532
5930679
9864828
5091155
-28
5
5847638
5562027
8015050
7382762
-45
9777457
5572323
-23
-11
20
7118848
7247921
9272066
9565272
8350433
6145833
-27
5404308
-41
-39
6217843
38
-45
7189486
8932867
7329285
6710555
8352974
-48
6021732
6093134
8733423
20
9775706
7183554
7919080
9607610
21
5892425
5748660
8853655
-13
9588732
23
8572452
7801337
33
-18
25
8105908
9523937
49
5606363
-18
8631609
7766604
5510461
-30
9574199
6243024
7017406
5032511
47
7021573
9117206
7598470
5999810
5630234
-24
9513573
11
-12
5443012
9029874
7197681
5341489
-45
7058781
12
19
5437325
0
2
9137773
6187308
13
34
-25
35
35
6592482
-1
5110863
6039355
-46
-29
-12
-29
6718169
-24
6049658
7937797
6733135
20
-20
-45
9541404
-17
7977481
36
6382427
42
-4
-42
46
7032049
25
8880367
9191469
2
30
16
42
0
11
8
5719619
-13
39
7170699
7175592
7545116
-7
-48
-23
1
-46
8293024
5417269
9453983
5608504
-34
-13
-38
7512943
1
7623012
-44
-28
5763679
5129283
41
49
48
-19
32
-4
-49
-16
5286834
9954615
20
-49
6643196
22
-15
-18
8448891
20
5
9786075
7609995
29
-36
33
50
-2
9435071
8744645
6494439
-49
10
8424431
34
19
9865984
50
6709969
49
6506312
-5
7490378
5971710
-25
6075445
6059733
8579862
-37
5266421
7164001
19
9931872
15
6160011
7625507
9432231
9075044
8088753
-16
9877414
9314749
-9
14
7840962
-35
9692370
5007086
7556840
14
-16
13
-15
-33
42
6729640
8223206
5487902
7048728
7563750
5758345
-29
25
6566667
6059479
8628156
6742383
8214075
9551453
9953435
34
45
44
7303297
9902537
26
8377240
-19
5204753
28
5990455
-24
50
40
5180473
7409337
-29
-18
-46
8720989
8872021
-19
25
9633177
-50
-10
5896555
20
5255490
-26
6864943
35
5336533
8178019
5407340
6999631
6778511
-8
-11
41
43
6428687
45
5630685
8495397
15
9417376
-21
5702293
9133084
-2
7313541
-49
28
-16
9076835
43
9219742
23
4
-37
8
6254624
8608539
14
9791847
23
-30
7
9302010
5033629
5256141
50
8189207
9064641
9016691
8167187
17
6090560
-9
7379357
8458171
5594889
7264835
-21
34
-48
7083952
7308757
14
8882996
8696703
18
9565472
-34
-25
28
49
19
41
9152967
-42
7262916
9380294
5568292
36
-43
-49
6324535
7
9206296
5278384
9699781
8918340
18
21
24
-2
-13
-10
4
7098995
7184366
7655238
7097223
13
-22
-35
6887957
-21
-36
5
6
48
6723306
28
-41
17
12
6275655
5
5377325
5359156
-10
8685944
9638493
5948712
5600216
6816618
6862817
9414007
8364520
8629230
-5
6158449
6449989
-6
-3
24
6337712
6081503
5206525
-49
9666098
7682542
-8
7963087
-40
-13
8336965
7752248
