1000
-7
512965778
802833816
714427719
36
-47
7
-34
843120022
657565972
959399204
-37
596403991
-14
713266590
796523381
891860008
-24
25
510152753
719163643
-18
574240718
917565598
567806699
-45
749525981
-46
37
-7
48
971063467
935166954
992689971
-10
-2
883023570
24
544946799
4
-23
948980315
-45
-36
-38
-1
-45
664080033
-46
1
660484876
925774641
32
668032478
634537384
574354364
-2
850795597
831197087
573333352
0
792748776
-36
30
47
10
899770516
880115356
-25
-41
993575999
-17
620829287
-6
-48
-20
45
-32
729111209
624615188
21
750773815
773979429
912048313
776518476
16
-42
609962834
25
-30
764517397
-9
-47
33
-13
-48
511292905
796863586
-19
-13
-37
526069806
639237931
0
652890967
-46
19
35
-43
751221567
868631245
45
34
-9
11
25
-47
887236578
50
715781156
44
643915667
852640190
-26
-34
658632211
974062153
-22
634335741
735319620
705291732
-9
566166063
747809396
962377552
-37
19
649074255
-24
775925472
524367529
800866448
987953791
645094035
774319675
629380677
0
699508927
741351469
810892619
-33
-40
848343100
-48
-38
690558810
-30
818657760
535969763
558056793
2
7
-29
897201208
15
533458668
552951625
865950786
691565613
7
567822941
838054386
583797493
868568930
-33
18
691638984
863602759
-15
663926334
947200203
798977275
659135305
-30
49
876494667
720729069
875543213
50
8
811034123
-26
23
962375293
505437466
39
-22
-1
973339180
536370710
643627059
961233903
821136957
7
-8
953905567
49
540203456
13
781413754
-36
2
982061312
-18
-48
705759206
806308812
751703550
-42
888864079
-47
828182065
10
593008651
8
-16
887775475
-32
885455947
813762407
27
-1
633260149
805757296
933927327
637000824
14
47
841435123
31
833732289
-24
715329343
12
690684369
38
-41
27
610992989
-1
769202957
-27
19
843788186
948465643
783844585
36
788563988
594637403
584770277
-6
588679646
799386562
-47
680899456
35
916653412
962835871
-21
999347864
50
792859302
592799346
8
-7
4
-11
825055149
-16
-40
42
-39
659384225
-50
-12
841972233
925459491
806340495
20
955798637
46
538830548
-18
4
702700022
-41
-29
-12
20
19
3
25
757068224
948068965
-23
867773985
48
-6
14
20
806776114
-21
-20
46
725467819
-2
853682478
937551643
919977267
609438039
-21
760137085
22
40
783679352
-45
544027863
-47
33
47
29
-12
-25
828803866
585613585
687609584
-29
47
26
3
984841829
786718349
548534091
-38
-39
869854795
732270759
866965845
934143140
789531984
50
-22
730946517
50
-5
882321381
18
969194079
885018725
-11
870223595
900604959
-36
549957685
795925799
5
-20
36
590183342
-10
-28
-47
-21
945966635
8
7
36
11
697939003
945292141
20
27
-42
866186668
876498261
925300953
595336523
563399100
741263421
621188182
507095282
957034268
-23
40
639799462
686821151
963131141
792190253
-26
876028558
-25
583633332
20
43
-18
656133631
765789888
916481501
807400626
592435331
667039682
731531219
932438190
721322957
20
24
42
505324128
-13
517050988
-45
798630297
875377472
-33
892524376
-36
-27
886331056
37
545619642
33
16
609475521
23
-9
854608448
806678219
-19
49
12
899833359
-27
-12
591065068
-40
42
864292778
674733912
-29
783517662
841199157
-18
-24
27
18
30
-13
605957447
527988811
642047052
563389169
892679169
2
-10
-10
502080725
928582635
538413857
989980537
-4
-1
656168233
8
610920654
909736822
774619630
-22
13
26
22
575987729
511550282
33
739657307
7
670317804
859080966
634691368
10
632946081
42
-8
-48
988734948
611512560
22
616833141
36
774712393
848635526
792177437
-6
-19
992746758
-22
13
773954985
36
-24
-7
24
11
772281382
990089534
-13
516540130
681821614
912889908
911258075
-7
-48
-23
1
907275749
866904499
916724024
847054211
591436000
792797050
896514009
1
625375277
732423009
901994693
790649915
986909437
41
847714236
48
644826636
930952468
-4
-49
-16
840232548
20
-49
717568051
663425269
697680252
-18
669688079
563987890
5
29
-36
33
50
-2
924713593
10
34
726880473
610291623
50
586772915
582774543
-5
794887048
639110214
-25
-37
580295990
764301085
19
981360804
15
595646167
931567052
-16
541396497
834149823
14
940787038
995697496
14
667101854
13
-15
-33
800311696
945030757
663637818
926803514
-29
25
547914241
857152004
660828376
647760491
825400233
34
45
44
814465738
26
-19
860883726
28
-24
946867148
40
891469770
617826620
-29
-18
501889376
-19
25
612146639
-50
937724736
676143887
20
-26
607614299
895624207
679285585
735900438
-8
988597718
41
43
45
987024470
540363873
-21
627976431
-2
-49
28
-16
534582106
43
613824757
737556535
-37
8
554188775
703393279
14
713565805
23
-30
536804743
588475335
50
988174595
743368780
956861249
791166264
712445427
965765608
554248893
-21
34
-48
592082814
777515268
663030969
-34
-25
606772493
49
832878062
41
788868713
-42
702506478
644455434
-43
-49
776143983
7
735564499
933761491
588121324
21
763501226
-2
-13
-10
4
576064217
667397440
13
-22
-35
505833923
902425985
-36
5
6
48
964686283
785054928
783662810
959072534
12
5
-10
988811125
941066375
881309373
858510981
557379546
-5
871813691
673778586
-3
24
723705455
-49
917549154
-8
877362217
-13
883768455
764817507
985340861
50
44
1
906813993
32
18
805645213
768634888
906636587
-11
21
-37
713308221
-9
1
18
23
20
-18
595644132
-16
38
854183058
-45
15
560717615
29
-47
979833102
-21
42
-7
15
-41
692839401
-11
773412264
734703417
700643299
47
47
971871896
32
32
-4
-39
20
-9
648066628
954336710
588451747
894646526
502152288
-30
996233975
14
908594015
-49
737465699
738939087
17
918621576
-13
692963235
24
566518725
671682731
994782116
632766507
837395720
760917492
26
41
-27
811423016
871355444
-38
17
16
847041504
846436584
-44
3
890960521
850612672
35
34
848292555
29
706145900
-29
601918876
682195272
525875749
903044421
25
824803639
39
975681205
900381330
612176613
-46
17
-6
880815418
-27
887958249
-49
-38
28
660372981
782496480
0
23
4
22
739817547
3
834753818
959710289
49
-13
822569428
780889663
901184968
22
774680239
579677251
920416799
-6
893972404
-42
-38
760802823
-15
20
28
-35
861804785
12
13
14
-11
-11
567178130
841118166
-40
526705238
645395635
19
-36
28
870681228
951357319
-39
-46
688019042
14
42
26
836900771
-4
-17
918145813
-30
827312116
590491528
-3
691046361
521855309
511154200
-29
25
649046773
819211529
-3
50
994155066
718505909
735218690
500453505
823138658
574692787
540335000
19
711316281
3
630051174
837832483
39
648667250
770063511
-13
6
46
-37
538072933
37
-20
-48
12
42
-14
765764970
748072348
8
985023101
0
30
-30
825143810
22
-2
-23
956877589
920087361
817095410
565390881
-50
19
948120331
-39
-41
504014279
4
761975030
627363778
581641941
513104214
49
638496100
680394102
28
822487125
882706343
35
-16
22
652496808
0
646686930
510598577
-10
537449049
36
7
868803130
728636931
539413223
719561593
-47
895361467
891046324
-22
952008185
768918432
895526593
-34
15
705274369
-45
979444695
708930100
-23
933549617
-19
-28
3
635606295
-39
