1000
93287
-2
94656
-29
-14
24
-48
8
55486
83534
67567
15
22
-24
-30
50712
-33
84648
52274
39
88898
47
98174
89721
56622
-39
39
36
92522
96064
79451
96486
77522
-18
-17
-3
90061
51239
7
-30
-11
2
-47
-6
89955
93174
-8
98800
71885
24
61008
67748
64261
-22
92558
67339
-37
-48
36
96132
33
92289
88104
83530
10
89973
10
-47
45
25
-23
-46
19
44
59726
86659
60797
69632
20
-24
16
-37
63894
7
95959
69901
66958
-7
81380
-38
68615
-10
76195
-34
-29
8
54927
55568
-45
73393
-43
91744
-9
61675
52974
-30
-1
-39
46
-13
-7
78650
72082
-47
65760
-38
-22
83708
18
82263
-15
-47
-30
25
60209
12
66906
98901
50
69975
70511
97915
85479
97934
-12
55374
-48
74492
42
62934
8
15
60450
-22
65622
57591
-1
14
37
97086
99659
26
22
87436
62239
-26
22
34
-21
56614
99071
-13
-25
50
85542
95958
31
51582
84796
-20
-8
82441
24
79461
68194
66423
78755
76175
30
19
72195
1
-48
97993
76263
-34
83486
-41
58200
7
-48
70398
51409
28
84638
97065
49
52001
75060
94053
-45
54471
50
0
11
-19
30
-4
-36
59117
75504
68663
61675
78998
32
90189
53416
-1
70300
51293
83754
7
71603
-47
-2
27
87448
-36
96999
79479
-27
7
99242
95249
-42
-36
97735
59050
96717
-10
97270
97445
94998
-26
75933
72020
0
10
76018
91018
71501
-27
27
-40
-7
92445
54740
-27
97335
47
61295
35
93763
88707
95822
48
37
-41
-37
-18
63693
-22
18
95019
-33
27
76195
-6
57004
-46
25
50262
65875
-50
90137
3
83522
-32
52019
91640
70020
-48
55848
87524
91266
82326
86496
90429
85667
20
71329
-36
-14
97726
21
-40
54907
38
-33
4
23
37
13
45
-24
-10
-9
-40
33
84288
8
-18
-16
76033
82404
61240
-22
85749
-9
36
60825
-13
81979
-42
86238
69234
96546
92516
76753
-47
70790
63033
-13
55924
72442
-21
99124
82861
-7
96755
84628
71061
-29
73321
13
-13
4
-19
22
58076
-36
6
-16
-39
-1
42
-6
-39
73555
-50
50055
97724
43
-20
26
53182
-9
99877
72951
59076
46
89201
96400
4
73664
-41
88301
66553
56972
19
3
95331
74828
-32
64192
-23
-26
48
-6
-30
14
50
20
84510
-23
89366
86196
54492
-2
86453
-23
-41
88386
87310
-21
66228
63689
68074
40
23
70744
-45
98261
61046
68197
89690
33
78880
47
29
67994
-25
98486
78713
63423
-37
0
8
69063
-3
3
64383
89679
12
-18
86726
-38
77695
67065
99199
49
95148
59062
54390
50
64749
87968
50
-5
-19
50663
-20
91186
18
42
74743
-11
70434
63359
86123
60800
85666
5
78263
36
95193
-2
88966
67169
60854
-28
-47
-21
75057
78371
7
36
62441
75117
89376
20
27
-22
95387
20
80106
-10
-12
89731
81694
85343
84626
63512
63612
54811
69364
-23
40
73276
63363
76944
82289
94991
83682
33
64553
25
60592
49
94788
-18
98972
76340
85996
67532
94894
82792
47
69949
97786
-24
11
-12
50253
70390
98293
-45
98402
12
19
0
2
69059
93597
13
75726
-25
56551
35
-1
87950
51599
-46
90003
-12
-29
-24
87395
20
-20
-45
78353
-17
78796
36
42
-4
-42
46
25
51378
98874
2
30
16
42
0
11
8
61161
-13
56463
75164
53158
57087
-7
-48
-23
1
76384
54689
80459
66723
78985
65547
64917
1
90789
54439
-28
74130
63136
41
96907
48
-19
98092
-4
-49
-16
53259
20
-49
53626
22
82267
-18
68037
76038
5
29
-36
33
50
-2
88015
89648
10
34
19
85262
50
78725
49
55053
-5
98807
79167
-25
83876
92821
-37
89445
60651
19
73384
15
79708
68147
94700
-16
59275
76673
14
66206
89158
14
96313
13
-15
-33
66996
65793
93833
50866
61768
69576
-29
25
58279
70029
69425
99638
99716
34
45
44
57739
26
-19
79274
28
-24
76558
40
54923
94795
-29
-18
56241
-19
25
98282
-50
93308
59801
20
82165
-26
83237
85735
82442
90863
66981
61552
-8
91966
41
43
45
84999
78191
61116
-21
74354
-2
-49
28
-16
54084
43
67008
91532
4
-37
8
83375
59966
14
77016
23
-30
7
91650
75795
50
84484
86967
61328
51525
60756
61283
54647
96670
-21
34
-48
65304
94780
95842
-34
-25
52947
49
93445
41
76070
-42
78987
57737
36
-43
-49
70713
7
83444
80250
74765
71213
91239
21
67633
-2
-13
-10
4
69590
97834
13
-22
-35
76285
80282
-36
5
6
48
63548
57737
80612
84609
12
56098
5
-10
85225
58277
63540
61637
57982
92365
97358
-5
84352
78296
-3
24
82826
-49
70010
61353
-8
90185
-13
81836
60104
92799
50
44
1
57811
32
18
94469
67679
96927
97468
81755
-11
94165
21
-37
19
-9
1
18
90738
23
20
-18
66280
58951
-16
38
67906
57411
-45
15
59084
29
-47
63463
-21
42
-7
15
-41
80725
-11
70957
51361
66005
64569
47
47
80666
32
32
-4
-39
20
-9
35
97052
87391
74162
82966
-30
79255
14
86768
-49
62445
66441
17
96846
-13
95392
24
67635
59285
97159
77307
91125
92363
26
41
-27
64793
90634
91884
-38
17
16
77967
94671
-44
3
74720
-45
35
34
93235
29
54571
60229
66267
-29
94385
59711
87323
73539
25
-16
39
-10
-29
76801
-46
17
-6
87954
52081
-27
60347
-49
-38
90793
28
83441
52667
61317
0
23
4
22
73261
3
54221
95901
86546
49
-13
99311
-47
54753
50230
22
72805
72240
72901
69456
-6
3
-42
79070
-38
50490
93046
-15
65211
20
28
91679
-35
77909
12
13
14
-11
99911
-11
82445
50649
-40
-34
85741
19
-36
28
81850
66398
-39
-46
67711
14
42
65284
26
58119
