10000
846429810517
736062206874
709798567251
999951408520
-18
833257047166
-21
592534926525
-40
-26
606664459754
26
44
-42
636010385046
653563879805
775210287619
657953481600
12
750223550433
-5
731658544437
872710433056
46
-22
-44
702184104444
14
548799183118
-20
579664255074
651959183343
5
530062029295
684051599692
892044410640
-31
931596801879
951755928654
960630111881
569613061038
800522494056
939662979475
-22
588982861177
-3
-48
7
895630266802
651822464288
527576443884
-38
584135939758
-4
25
588754779889
735755509681
864523151803
7
736564065703
-22
908157765013
4
963575027933
-27
993965328488
881271282159
859878064430
-11
975153510731
588993240349
790326946790
45
24
-42
851735235672
919800308220
-42
42
-24
760671928601
15
-29
717805119237
13
763253923712
954387661963
774523228290
973172184512
49
-45
594030373378
46
791064349968
592746101850
19
801071762066
-41
823954345691
991430339032
959628605348
569330320173
-18
-47
650376687459
995805042994
-46
-29
752663333268
802822891574
988136546784
5
971238333862
44
915015436836
907492379126
-17
-28
37
909320656355
5
671474815940
600240314438
-16
910912240104
938363442532
-24
534392049533
550137126073
29
624702134764
821461246046
905821333472
1
547357603928
522321990070
878944688912
-49
534518006806
636390986660
870131357682
-34
712313897779
603572048327
28
811391907140
849033667730
-29
40
936999688334
-2
774474504921
502685677194
49
672384511565
-45
517424733077
-29
589520380525
36
947392717476
15
673632838209
731131149269
799860892832
571985861490
630003626977
752583276270
44
38
984150934403
805242623006
891560989913
43
556082099116
-39
2
-24
8
-33
3
543356567973
857304359158
973874314029
39
508301645822
566062048090
-12
778347191088
35
0
-14
19
17
995199063211
-23
36
637110758359
737624948612
-34
3
511254238683
533357503777
835739754070
47
803798647108
-24
41
28
773079253198
28
41
877305647890
-42
971767362166
-10
50
19
40
868646964662
777195116015
-50
911511203504
6
-45
579785807769
50
-2
-38
-16
816186410605
47
-11
926986856848
949912131436
41
700076034612
910300312582
-18
11
671212315036
-18
-8
-33
27
26
-26
35
-29
759717389661
21
42
753057330176
22
7
641401004127
811597559166
-48
-27
626073343050
-19
50
11
835235997276
-40
-2
937933020645
16
572703204941
940470751589
732775522109
-11
-46
-21
-35
-7
50
813272060600
598064102631
642535435011
34
-40
571027977765
739592193727
700552513232
925165643927
-27
18
-48
-11
1
659179501205
-17
14
884932952931
993480937876
23
-11
39
-36
-22
780435402495
-41
-33
-5
2
867868481777
1
693935059954
-29
-44
700321371507
912146612692
-19
711286101055
-8
18
38
921909566298
788954469605
660424870147
594621193200
548442654561
755955221672
760160525407
-14
-49
33
622338123833
688840985350
-18
970883006980
32
-36
570484997592
-19
839253058844
804388908915
616479111459
565245341680
29
-34
766119445816
587889491575
5
972560893831
717815318740
25
-1
-41
577415530749
16
931975166503
-46
596953701519
744315250896
837718148277
-39
10
988739600838
-32
861237234410
-28
-16
818077469635
693945703655
981135227190
605059823776
-34
546962400167
34
-21
708714621139
775495243620
714378339286
30
-15
863084074800
50
47
25
-40
17
-44
23
977198028723
990288635370
863567754569
696958270523
4
970316470023
577938034648
794703721812
-11
794963213792
50
921249289548
878253537633
-16
697165974141
903715331397
705915064496
18
528543849190
678752549724
542702874271
-25
933687771980
785753136405
688706876830
609893977354
34
-30
-22
39
873565515253
931580036518
17
946017249889
6
-30
617815765419
4
608886289697
574671926522
3
-1
596496990413
618727714071
24
42
820206788758
722332512167
596490860171
917296384694
916992248091
803094769899
996735862343
-31
-19
-47
598929899541
552744196723
544304338723
975885511796
-4
972138333871
32
35
580869860432
866696512188
-24
885947071962
22
-1
882736611412
2
40
904685126826
738653845663
7
37
6
513454785391
-24
762706197716
927454108818
27
798158150659
756119396335
858851000938
-24
13
6
657656817772
606536250972
14
48
3
-48
20
897254028283
987195716383
39
720401278753
-7
860737440699
708141386930
747116988376
-2
-47
814703556365
32
31
50
-16
-7
676465319130
49
46
623929256230
811110145938
617816949462
921847029544
687642173116
-47
591399950940
-22
836531908219
617835718360
15
-48
-31
-39
6
-1
-41
913077533848
-4
-7
532758859859
542558646557
2
5
14
624697898028
769025946718
708973210656
-40
33
828798120448
940427869610
8
15
812685739068
-25
34
659160311729
-40
887571723580
614188874878
7
6
-46
575961357705
21
683582504934
953239901541
-16
-31
27
954599868628
26
965398752585
21
550905929341
872249771551
16
22
823390398009
16
20
35
807045842954
932820318761
598145969004
671813168910
-3
811048712318
633303108435
520620941590
682779567485
-28
964579039341
724057654489
616147138736
15
786380930435
41
-18
-46
974546240903
520454687407
829648827310
528212436288
874797453583
810046210677
37
28
16
-3
502463342264
29
-43
31
810631604486
696863763969
690133447318
589182416723
763865932963
753152463929
-42
-1
-32
909348970078
558903247227
-13
856258445083
779342860525
642312936069
4
-12
-23
-49
43
31
7
17
667169798695
638829499352
692303879569
-11
22
868094329102
-2
717341732701
729426918223
-23
-13
-16
4
940086997479
671524051508
-2
-24
732954810083
47
22
42
730563344184
981050051477
907934009316
955284898373
879445705413
534136687581
799915135025
-26
948271746147
969583978795
750084403530
24
10
-43
621050633591
-7
634094614015
919684664406
820052130078
935109427189
859129278702
911956697254
746000155070
-5
0
34
48
33
44
591370460184
4
-22
14
993075516058
-27
707911955645
6
-7
783164125817
794708943164
968794106718
-27
686828182903
879853612305
-33
35
795434474844
985493381811
-37
996031079622
620117397428
-7
967648971150
562016924175
847597702021
664964504287
708816540270
535777948181
916542756188
44
951154322443
595284971740
31
864976463280
750881553526
704985767213
549185821509
651262689213
5
996797538894
2
-23
11
-38
33
642764261098
10
7
13
-7
864729068169
969711763606
596878415072
545636113045
602928438095
994234566088
566973505523
515882278969
-30
835013825618
729031641993
-45
38
703320663419
-9
49
569782106962
33
22
-42
575760804376
607894185429
19
28
956492586579
573562677319
14
983141512075
864607655931
856807190229
980703284114
-39
642322054212
33
40
784497863210
-6
31
877340733103
23
947687862921
706433559505
26
-3
-49
-17
-4
-16
6
43
840588316650
-28
868546664156
-48
-6
573941721632
41
-48
864698855547
509656306509
569614177441
568527892691
788592454154
34
-41
624429126551
19
38
862223628307
40
-45
869754493948
-32
46
43
13
666000838034
-6
708564710616
28
796847619083
18
671031969271
21
773422484409
-36
752357878132
25
-49
-21
584967663506
567117247108
-2
-31
597288098111
-2
534203769332
807446646901
938360508646
584589904286
530977666574
577787094852
-20
783087284930
929840745202
857741764985
40
547433927990
794250046347
-11
-50
759571304403
48
798558704303
-6
-49
-43
43
0
663010003296
-34
948646529012
894305875946
-12
803571050966
566625379604
-26
927747608445
16
772463267359
736030638226
933028364222
792696622132
42
-14
601665806757
574730894843
649852347612
750002220647
515957274354
-9
656137617546
10
-31
-7
727061021832
-14
515091372685
-12
-49
30
638091624761
732840809834
656978186391
965370418233
-5
-19
17
49
714429105065
798351971830
50
945374731890
10
666674392258
-24
693078230006
813906865321
-18
930152397674
-31
797619338419
11
-37
532806238111
-45
742330082584
-32
48
927156533339
864557471390
717792310945
-7
769208628433
659492681333
-18
40
-12
974364049741
24
630358821987
838561996226
0
646033522072
859285704379
892525979575
-39
526957177890
6
-33
-20
18
602472363918
39
681267720141
802591304085
-27
971813724136
812221935802
554723240285
27
41
781315827327
17
10
46
809732688321
26
-5
-43
-44
876775565229
552975923842
39
-1
673564017849
-15
647925129318
639998027898
791425729968
912761913256
835830660328
-21
697776790926
894945220339
20
896612478772
11
-2
549110274623
-32
17
-32
36
621642359766
914136374135
689413532024
-31
-19
44
849894892423
849068929934
538850001898
532444892845
2
-4
925748077340
45
41
844242899641
-33
506979670134
679174080925
695659237489
623766980974
847955440731
810044920090
550882426327
777014309590
827198986844
-22
39
-14
673166622541
28
943541150168
987926547143
37
972334457870
-41
699148525210
-1
682277001897
29
684512409884
620043498296
710645370478
833916284823
746714041446
20
2
20
-10
671772334501
532315074381
722864909140
18
-20
589861026511
-48
2
-20
918837022290
810108564429
44
-42
634641578702
-19
3
874029711800
608900686475
683265868338
874593878400
-43
31
747851879187
549810229148
678704999324
724013026611
685379984831
731292230237
657472231602
906061817886
850809212852
-15
903195067234
903956198097
-22
-44
850515165648
868732289893
23
27
960606605688
-13
879177299380
46
987440145536
20
690104630986
-10
579565970476
603199313178
557756645213
604867003346
-15
-3
40
568765112548
868134474960
35
22
994112512184
-46
676520155868
731195831249
858622823348
598378254956
-34
785788587982
711297462067
7
728455950983
40
991745774549
718771799038
-44
-1
566304686592
-9
-4
-36
957356180573
967349294109
35
39
777653716376
702103855501
6
49
909968706393
48
893012262047
615010826428
644436281097
-22
776480981116
-18
-23
11
-47
516155133803
702436343898
751034226990
-15
27
-34
908422055753
45
807692746702
11
916560053393
16
-9
4
860157234163
9
-9
994658031912
38
-24
625551392500
-8
915642826226
503799962547
22
35
-23
-39
636303353272
930960502139
815930464655
15
878666714213
28
563799840090
862372353448
-45
49
766787538587
48
726128585075
728954381585
13
695797507722
-45
963458518202
-30
-28
653022598490
897480796350
-24
826928467978
702645877783
-9
28
943144119762
667273001882
-21
6
35
808781475275
575349660081
930206315858
891589567227
23
591928595464
913222251529
-3
584533099996
21
819026927497
513948728867
-27
-36
584746871432
-32
690670581092
964772025595
745662945364
883155838553
-39
649732246202
38
8
-4
13
644088944749
539783695854
-11
979021059526
31
-30
15
35
822391657598
955522601086
1
560373840195
649174567139
712325714491
42
658475942445
699886734283
671494921030
17
15
9
-22
-48
872321977360
620565366813
620472213591
45
5
-44
619285940482
687006670303
693805330135
884924062795
-16
18
-27
-12
-36
746341695859
645673198719
47
767375850003
13
812058110532
-43
630878384844
683960802889
707853685337
-17
23
-38
24
-22
-1
523671696344
780484112063
793443936446
49
-13
927323979252
638450960276
772318714952
775689856695
568471461046
585143470467
-41
740694888287
21
858016038347
856112770349
-34
28
-11
591035751009
-50
33
724440027906
-15
636763707470
-19
992833776144
787329929311
581444680657
-33
-38
-35
-29
22
625356717324
755369340639
908778254790
629818067001
3
952739605624
919580087532
23
620145301392
675772243348
732974493894
840203344519
41
736187832282
-28
-10
6
0
36
-27
46
-44
10
-47
565067930769
19
675923553237
-34
26
-38
773673555645
686929357771
641491129413
724644540170
628156062570
17
674023037441
731839585727
-15
50
18
926822894596
-31
-49
765290893334
856120460319
964525956541
0
-34
558091891477
19
850752628144
20
924443135178
973644027875
-37
10
851197992536
572713039144
669671533476
912434188266
500929439619
-15
568574500965
713109474587
38
912328108078
792664330995
765452715311
50
-6
-15
-33
30
38
-12
817758794464
632406780534
925794808757
604506996201
684947009336
-33
42
9
-31
660568089863
31
35
640331549810
50
985275046956
-1
545572410445
701837991034
557048641523
758989666659
-28
31
24
887716995832
2
819808795512
17
35
717207734425
12
921338188386
763646334061
21
597362729372
954882828499
7
10
919523629183
-44
1
-13
574774862640
-27
34
27
-20
-16
508055997066
-2
36
2
617806184348
16
674911101996
2
532775665920
706470714839
731337668322
-6
744946188424
-44
532400615111
868974156049
856356176299
728679006547
744233173448
838162074468
643920499870
36
2
0
-44
751881237210
871273118482
35
33
-25
991357828698
6
528694360861
5
-13
8
-8
-11
651545954679
556878981605
772612328131
628841962584
0
42
50
47
648745243494
905802496480
-34
853045160373
-23
7
-45
891473925316
-8
817088553165
809990036715
31
12
-11
28
19
942406661836
42
-10
968802153975
-28
984877428694
-9
34
22
-20
-17
649715016643
-30
28
0
726404801758
826187577117
859488665289
535727622898
992937850191
812677518564
900174735021
26
639438925824
599558896415
569197336740
806206914246
25
984626772063
-7
-7
-26
42
926136681745
922014065897
645305995739
15
28
845222631613
10
762892027931
824286619602
47
-35
636618717336
29
-38
800144683179
666576896045
970582824555
840247751437
14
651522030043
-10
612131297267
723974851162
-42
957114436368
29
651540830210
920580632039
-6
29
10
45
-45
-38
20
13
-7
27
909183752279
1
17
557423450018
598792783701
793675375531
533466659317
620942754988
678341876735
-47
-6
927788116758
626943018658
-34
31
618885468759
636715381539
695105252643
650399687898
929908299395
-29
703683381005
35
619538358239
864796565714
-22
798604111271
944921679417
912613743391
36
966973076063
787726228725
-23
-48
557337498000
-8
20
-7
959282828197
902366731694
795503268393
29
636824701289
529137217719
993435283225
23
50
4
890130136316
558817324149
841791758469
22
16
47
35
36
39
-29
-36
572610184162
-13
-1
550610733829
849909658901
-32
760727729052
695306994599
804554399501
-35
-33
36
-20
753121538417
899790696846
807013619586
540125456102
13
747343546291
-50
-16
872878291445
863179690495
630365863354
769159282236
38
-18
-21
841950960867
545362093307
-46
-30
29
752791143507
946697712001
591580241778
857367399519
8
605909100771
-7
650140941932
45
575447613637
626738570891
765064156405
38
587917632498
-17
608320240048
47
17
683160598912
12
620600605014
12
683612802121
562795904771
25
825086406183
36
-40
838082569004
669163530202
552586276024
744652633321
996066659304
-16
-39
918870056699
-39
-30
640175729571
526247381728
-41
671350474367
904514620402
809976378727
581811324294
-41
929853825481
47
26
-37
-33
988626072734
508846403128
-26
9
-45
886626908638
-31
4
828047842509
-41
48
927296089037
786094895030
941620768596
29
5
669127467467
-28
4
5
45
14
878870348335
-8
-36
-21
45
730156856971
-14
35
-45
27
960258602448
670524036230
-7
-7
36
877622828923
15
22
564434256372
11
628489098465
612122217123
-50
-13
34
962442024041
592562000813
-15
749350536192
992457410984
757361209526
32
-17
617751442212
585681980288
608280869373
985720343227
-25
32
-3
711948049109
700482834201
590184553159
911994169201
968131197967
-11
-1
-38
-44
10
12
520015548011
45
-10
-33
814193790767
42
569773680906
-4
16
-32
10
814906196769
727696942882
752465399703
762004433672
4
536704420862
-47
-44
28
790866710431
649961948763
29
643848738378
43
-20
725897872020
721048454620
47
939509254076
540132994122
-16
551726549836
633343294464
566149965626
21
759059823317
862116458234
-40
19
3
969166829980
-48
15
7
634396575983
-47
965952312415
618246826872
-29
919001963974
885864957677
20
601531073717
503583446019
-7
-3
793147676678
904591965676
971379420403
661260892505
591139981116
-8
650920109270
10
45
622130653423
916126433113
929983616311
36
776470270927
-27
-17
926036991625
998130879134
823034485129
778128810784
920231754364
27
543721769390
-21
711262492805
971232949706
524043059106
29
24
522217541439
878534278760
988160198859
502438276243
-22
832140047667
-7
655497580719
-18
-14
31
663118492260
780934923805
661045285999
919904369944
840662664794
508553038184
621011516376
560412256281
581263606744
-43
-7
39
1
978768794714
-36
29
-46
555955593735
996765920580
-41
539309518919
46
981248174039
1
15
929666740398
41
820149116873
-31
942848703031
-44
754112769729
23
578998267462
861547299398
23
577524027463
601333713718
-9
616432604482
707259552128
615338062898
576205462106
673939228971
747896696950
518823889943
622874854582
-7
869629175487
678548004172
-33
-11
669415641054
-13
-50
586094619905
947662132222
-49
34
-7
797239330966
835712744556
708868558077
-29
804977554394
-13
-27
43
-32
49
964480904379
12
790410130923
888039618543
557387076432
773056068888
-23
782851796721
-19
45
-7
10
25
779193846822
-32
-10
5
968539431346
701355435711
50
-12
630855764614
-30
45
763694807526
0
694472032868
37
996177908979
963261296347
14
13
703947766737
41
8
30
-45
36
868510390502
975440952997
911752552423
675632205950
-23
572199945553
892713463529
39
-18
695045116226
966747817253
697541675105
-5
669995063946
39
888055374607
-14
673588398628
17
593512437576
599289260830
19
-29
776213823252
802255295880
519674640800
536382401938
800310899488
860534818919
25
12
810807225321
-44
-17
688067669129
-16
709331429674
41
40
841228917349
692795372581
532070760379
13
554545477630
28
616675975527
658458793807
689323717267
969373302983
-49
-47
949310205981
-24
818511111055
9
42
-14
0
925395759116
-6
11
-14
17
38
725075309282
40
-39
36
737299304478
581028992590
581889008970
-43
22
925861678510
27
48
819745411279
735138276963
24
667367859774
612733531297
45
504246800175
30
43
894428129756
43
837579099980
724601503266
507090385447
536597286743
622032694155
30
-16
39
801574244624
914058541859
-48
856204088284
980964513582
918435633737
887221763049
-2
812543328463
619291581424
884938350588
933958687232
-9
502714824571
-6
6
20
853509035783
45
951506418183
948520251558
738441820071
771785690321
-31
20
683441859277
-42
5
26
700647343074
-20
-10
515011269858
603964741166
17
36
-12
580337376289
49
876589119631
784854828365
717226723139
28
867940067759
733588327344
0
-36
-46
866134825016
835142140334
-34
540349218402
-33
773749436762
997027498163
816163969553
587263704176
994971467603
978836591370
550860926184
-19
-17
-29
-10
-5
854352616944
642205003125
656959283474
15
989142075905
688349760157
27
-44
796748033287
635285060620
996074840552
578692440087
-36
-30
966464671355
-47
841394060762
783048030008
-21
48
996624774392
687206341649
759297468055
883656792974
779956298744
570729547786
-5
790434390233
778379239481
-39
5
-31
824538968449
559578078521
647265638086
891459926368
908963565808
508520046508
-38
652273428476
914146881072
595646546502
749897983506
579305371908
546719985908
837844415656
957959249865
-48
-23
-50
24
-23
784898538130
835487595786
743705371730
866042525803
587136756406
36
571615114822
-8
706423344170
32
756630774182
787474164974
636476691239
-39
543385286890
-2
4
-24
12
914586451226
-6
831798712367
864741289990
45
619800733938
13
929972879136
856860551711
713331918591
1
591186122844
-33
47
-48
-45
609985667590
699397226737
-41
-3
17
2
540019376078
-47
33
48
915247565819
-10
698774783812
-34
-15
40
797215947207
592757752418
598072248869
871641907708
628945594322
50
41
-29
28
0
528968744060
742194566239
37
-9
5
-37
643557195555
520840033223
-23
12
501966399028
685769427014
-38
684531745070
42
-2
891870768540
39
899068171886
848411454076
923391744798
898187310338
896223946223
864802627924
589892807343
-47
-31
531120879409
755493726543
866753769089
-40
826444653580
25
36
924414726156
14
757528438907
29
18
-4
768164877321
921327146102
-31
-36
30
925548385959
906293686614
920836286872
980412602906
-43
561813178343
-10
-42
865798241518
11
784808883034
-13
50
750844758529
754697434312
584433030753
14
30
-4
830517063756
18
35
545752062467
14
544709627475
536414565534
609240259765
-10
965360182691
736297526153
984943694809
928448232380
41
-2
996219218905
43
834298017470
23
-13
521621549586
951365110083
-21
42
-49
662429361077
666113472136
49
563956328689
46
12
14
543998634295
730590338868
31
-25
-3
23
592929385776
15
23
-32
1
-41
-48
44
6
-5
649534844682
39
597784567682
579269001438
-16
45
-43
853698147376
680382808462
805092397685
-39
-10
994456171743
800830013822
-40
731733701178
610497378064
536287096697
0
-10
590632996457
-46
19
-16
15
-7
48
649312041349
-28
545272182060
-46
643851567276
924597677087
45
562781463774
835291203740
-22
-33
48
-14
576268320397
865073248481
780806473914
-18
636775911941
783487055385
-32
32
-28
964818439252
789255898410
19
19
-11
707236851024
12
537107678045
526377878369
531340559712
10
677246614583
531370034558
951728367939
530859818756
49
581430895800
863623372626
-36
-44
-33
566083820191
42
25
46
28
754304581677
-49
18
-26
724193459145
605724591939
822378663951
515135730777
873410126743
23
9
835898489065
-43
-28
929163803680
-13
17
4
-23
916805155077
571726260329
615820761779
-47
541875246075
904545585680
690670348043
32
673266068314
522564865853
-44
22
7
-30
-35
-3
669438310839
850691018305
623734544812
-21
865323294119
-36
711469843865
-34
531789412750
550938475793
17
3
745579693614
639291243000
24
801280580945
922911689858
-18
772469105123
716649838901
4
666803605302
716291936305
40
637863252841
884249626932
675485924144
18
870656626030
933591509081
529700076174
912024717679
30
-40
-34
697119641763
922853551976
37
967389476487
749463961455
36
0
18
511473542515
568247255592
727262562762
-44
690903390014
34
866038199113
-41
536719673337
16
614702573174
565249484529
-25
754794866421
-7
508966460868
-8
906729595261
637806027469
662544070994
14
500460264040
12
716491521216
-15
591197400033
-47
-21
674250705831
770586809122
-15
1
50
728065298793
518499487725
16
9
-28
33
-18
670205650576
-37
905955917685
643921257932
23
49
761277300170
787429905108
-50
-22
32
-13
-32
25
-22
577395068118
987963752112
658147745751
3
956894363068
28
-43
-26
-17
782374829077
504181987233
-11
860443851245
-18
985077232867
994472424122
-28
771939978185
-11
797632906182
-7
-39
620808200761
590747773330
49
798050222840
15
593584465983
767329605313
856977351862
992892115361
33
-37
48
880352172383
925053514030
951000876152
24
596893043120
926949029435
-25
747578994090
-32
6
4
36
748311617655
845033854045
-16
-50
40
945612596613
981417893747
-8
-36
703959242406
734369642133
763555291175
-24
-31
533681908329
542200473850
7
500969855004
658842673086
-41
509002241767
16
33
519292463115
801927781173
49
855027936619
640047356106
6
589641149752
936807383988
674575657868
846614809975
-21
4
953796551716
-31
884888298853
529642836420
-15
979439674123
-1
679264095725
27
900729318917
656507561495
-44
-27
-36
973359910506
832838441661
8
39
31
42
747076185674
776526766737
606266610037
21
945205841033
720933308245
-45
-43
-16
919855270392
-21
-36
-7
655180863540
848129362012
-33
-37
50
780081070623
697539110219
770643624554
14
949124172309
32
23
677920226050
535962377377
553234377892
23
48
834791469355
-30
-28
-24
-41
639491030126
-17
549720140993
757021506659
783858897388
836747685705
694079450570
-19
14
826561087574
-44
-48
-4
802444764532
696258303980
-1
-18
-35
543214786050
-39
-23
613255347808
10
-9
569736297187
981632624390
-25
918698984235
0
808091579522
618551814552
964767654245
674533221477
718481354083
759410002153
674127831783
904239697260
-31
-22
777822717544
-41
5
788008110404
0
524120689536
43
626664327873
25
41
-7
-25
-18
959216752483
609537320333
-6
611265711562
653008688401
-41
889105739343
703416159378
908935800854
23
586250851533
-21
611349102058
-3
617710261065
917298971219
37
50
10
697328786176
-19
956722318097
47
905598045517
642647097214
-21
621639788440
842717335819
781884270578
35
34
-25
571613903211
950299818835
-15
19
-49
924412689383
626589755536
574705371934
902912935499
-1
0
-36
44
746628810117
14
877053571888
529710542458
958510360449
14
562660917430
970519310009
26
6
750179363068
589021033718
709484207369
522466563481
-36
5
751082081178
49
634657443479
-42
-18
686130609830
671552640324
918192083218
747370908643
810734153507
-36
808927702871
914548396638
836246351635
641454855434
-23
741194409917
956972341523
-23
-11
42
605433167954
26
29
947859557147
975020692935
-2
8
768285729615
849087230051
507090302527
660595610448
708730281592
827159515318
-16
698554609267
-11
529830079899
47
547044015367
15
628000012951
-4
20
758908852979
933862489958
-32
851457374511
541689171458
988982694623
569123394339
915065656545
779960696216
612313449173
518693108507
526679815025
923639200646
-42
-22
581384095405
717142338364
30
-19
612238617511
-46
635436707566
937771674322
10
818918086021
-30
-9
757596612490
-18
23
-34
638242101582
-4
21
973397002011
-36
-20
-29
939050545739
967296913066
550459374428
720739018801
-20
36
897716596704
891407991790
570096622877
541653318696
516744819261
43
-22
47
29
578689624863
580503978671
32
520229783865
-47
-24
32
633352896892
724044527752
932692069780
682597010766
-3
47
998955802676
49
508042100955
-8
676845570534
13
-9
14
21
998179379356
724696649903
-13
930426990005
988609907681
-19
16
41
550529830751
724670111426
16
-39
26
582670625266
526091879985
-7
709410718506
804052298582
-17
671002447164
33
9
718923941275
967624805554
519463831828
595094735682
748709281271
690520158275
521050773538
20
637400876604
689435540890
612313262839
827544920913
845596854623
-2
735380371202
933804004515
949775821433
-27
536096078832
953441195860
851071815517
38
-3
920238479285
8
981742932336
-38
695429501701
857251605289
950429071390
717412841786
-32
837349071319
5
26
8
720610477013
926136720815
556851550034
9
25
34
611360105341
980593435523
-50
-35
-5
-11
693953576583
-1
855351785171
16
823748698359
809063446489
-33
800886660835
677207649831
994726642324
11
928606274781
-16
824705158853
832247396640
-3
-37
7
-46
-25
581274667564
714521114998
-32
885604001727
6
513873341023
716928902744
-31
-28
19
-30
961111449745
-32
-28
860337915487
-2
34
944134763579
522187183864
10
512842852233
959349561014
550139033994
-50
903946396860
-16
-8
-10
598568261174
-4
794328138776
-47
-10
43
690643212119
868627200075
546670384145
873868410189
44
516646822054
-10
639637942249
15
-23
-15
45
24
-15
765167934699
700531304470
655289048063
-39
831527454448
50
38
26
625613902280
919993931225
-5
43
947944753954
-47
-44
-49
905034662075
613288443447
-29
36
667537995686
564165467294
16
703392712482
3
-34
827353771397
-24
871036016657
-45
885434335209
-25
-28
690496091089
-32
588372454092
662896302504
810362897707
982814472428
500461379887
716640825690
-34
13
-4
-22
923064426874
-4
868502019991
815967646314
37
5
726503535302
-43
538238679092
868072222671
26
790780819019
29
40
-5
-39
944977772451
688917843757
530091740814
613013950810
-18
626110737209
753456198598
868798878137
950147053709
622251361810
-34
-34
851810625334
853169666226
660776677833
988372909957
676653884191
606340035540
774391694093
891144872438
-40
687827217022
575152517358
653579894691
33
942305513083
883777419094
524890772488
45
-43
858182231019
20
899838959648
32
-27
710983492129
26
633729648334
858052518380
530067668997
36
-1
5
805284135646
830580315846
681524674403
-44
501114805760
578301992581
788974341427
596232140479
812113540574
6
48
13
729798134840
-50
839535292176
826282609088
4
745377480874
-8
682243782025
831179356079
705426606719
-50
35
786227155529
861429074030
50
-41
896699870187
932039904013
46
627475800457
985886288221
22
29
867623134790
522830171982
766129399545
831844688971
749463617542
903390181729
26
612360794196
5
6
750974593885
746353740721
41
713187212383
646935465508
940934265057
739210969502
508078742298
876995173406
527652277090
641525854147
49
39
862588407284
-40
-43
4
-45
823870096994
45
-1
-27
46
924430081017
727755657375
28
908625554595
-3
724276113765
517286047133
-42
0
10
905566534154
995902097666
-1
-49
-1
977481849753
-15
934157903411
705925825873
726893216942
938197073393
-23
-44
-28
623016176315
-28
34
634695150362
14
668371355707
707460929516
628083454833
-30
6
584535881099
18
614099677550
648947377414
-20
34
5
721931291292
13
753728506208
996012857184
-25
34
501886483965
-47
27
901036514793
-12
-39
887679505379
628828867113
9
0
967047409481
992216449275
9
886504620719
809286133838
-19
-1
-36
-21
41
636675455452
700936621964
38
778302060717
895924404484
742918923853
50
976467827784
711679940462
862895183070
594278822000
4
45
603695202083
580276381180
16
-10
747851033272
611090976579
17
813778765843
3
-2
951396311479
4
28
-20
6
4
765499855525
31
955398243572
-19
575928693821
688280054698
0
-39
11
45
960070337697
21
-50
690416734221
24
-38
707508081062
-48
664969262025
-30
708633866590
-16
-28
13
-6
24
32
930598439774
764685379248
41
32
630059655034
949111122165
927007652209
969086684089
11
591977211713
905265951846
-49
-50
-38
755903898559
581561689724
3
-50
856280185518
22
624133935601
1
-9
-42
-11
-45
986298862314
37
-6
584035200250
4
-5
856078971014
22
-10
904022872359
45
13
9
510249607496
-48
-13
9
895062105276
27
16
603854635338
-44
11
936736797782
927433362600
2
944421586300
571438243293
-34
3
4
963248794476
739479138180
-43
895072933639
-3
663408740134
44
-36
838493401337
582623498203
765950840065
-45
-34
987283690495
-44
654660951594
540647465142
961106539649
-12
-24
-16
-16
29
920808998550
549523797803
892544946860
50
-44
706428720850
14
757654663712
849152442727
-31
832774116580
24
0
639790599277
571735928839
41
711920255333
43
-14
912427829161
15
885087316585
602315151532
-14
873632923802
668283312230
705188003137
40
959557874566
542512993991
503583661957
25
587904306274
-11
865610736517
-5
-29
32
-16
30
-4
46
902415889484
1
-5
635775900109
836077901161
11
18
16
2
784430800124
21
921068836640
27
693171234870
19
804275140645
637841846659
664432360588
894787164360
-34
705979248830
24
559522700542
-5
-15
910235686706
602304324339
-33
-44
545518109302
6
590303851918
961017774964
583025113842
-5
48
619998556580
-33
0
853232747140
24
6
744644431927
775408517231
959605091565
-19
19
901357953518
40
-4
1
8
985457493068
-3
736357321854
617070136489
803189949463
7
25
25
-4
-16
-2
834547780624
10
18
-3
533863345654
857544709906
909431898481
882705584087
789441603968
50
48
550217869488
-23
654329918630
-6
518947266269
563137054536
-1
586836467293
40
45
29
569637200770
681388038690
859010025360
807420970955
7
-5
-31
-12
865564507375
2
-22
607098054935
972584674410
585315023888
766079538228
2
730971528358
14
736942673833
40
17
46
39
-6
-25
518776647030
909959295935
987794287496
554389252296
683329714253
44
-22
26
859053405406
-17
-25
595346381260
-29
-38
-29
628448950554
853129004685
-11
693210887427
584459649102
-40
744119844153
798293785908
780995730256
10
826757467907
976047319989
734976404531
708910720944
-5
49
-47
-47
943721841100
781827607063
809835628062
-42
902018448925
-24
32
31
692015125009
527211580691
-32
649727853030
-31
964286295140
44
-18
547480597935
11
812888819338
803579595504
889790457309
605406966915
-50
983568095760
942486014546
555902447287
-47
668758365704
566242957331
18
-33
809648832030
11
30
-3
0
-39
835923079049
573132542160
938380768826
517367374650
-25
507191006662
690459726286
754172083558
-40
526446223218
31
745436828793
32
-38
696838875818
-31
17
4
39
25
28
24
-5
-7
786780443319
917622129256
784227124610
-49
-42
-5
578730537436
-34
-5
718629804954
0
-45
843012820383
-14
544254530684
50
540061436585
-9
50
663519360379
504282125032
-40
613125744802
16
20
-7
31
920444209308
970355818662
0
0
2
17
706115669124
-24
49
15
3
-2
20
-15
701726835231
715444657470
654774941119
632763802242
-9
27
927702099786
-48
614314381177
36
755432111389
25
541225467264
851750351725
21
1
-49
967516345601
618481779849
-45
691552989850
-7
508933117574
796958588123
777782438079
760178869835
791482414291
43
7
760289218467
590868029579
630857712507
38
-28
18
19
-37
-34
19
49
-5
559968043312
40
-15
528982396404
-31
-27
856922097675
33
857622399489
586623594065
603897386570
843105560257
14
-17
523151456188
541101312726
995617082793
637748505715
626575499486
33
764648641965
34
620205042259
42
510204821914
995610845930
44
638348602878
11
764573723462
824501550271
820208030507
42
18
669087431238
889631476194
29
-32
8
522573061136
664081372308
936717965705
43
13
-20
827629416510
-6
0
524949703296
6
-43
-45
-8
944498407585
577145744575
8
26
19
723319464465
868277815138
520478307233
753256342861
11
926421618068
663953032732
851589135396
681145841561
-24
996107538610
48
676373422635
29
30
32
34
518390848766
670369692676
-21
806882657566
-13
697795875299
-17
807447098856
742690315779
-19
21
584420312722
712938409269
800397499056
-36
686463883005
-39
18
10
-10
27
844058836404
881060271829
895755938625
-34
-15
33
986172581938
875982768636
622125075322
-28
594765761333
4
595262409904
44
535587959146
690515910230
-40
0
930833177147
637841687811
770838397669
-37
2
964026860959
763944155185
1
-9
519694360357
44
35
945794950484
790025841146
-17
-23
517362754798
536339422135
20
952129410774
696259313966
661845747758
-47
46
548872703051
49
41
705855295893
-14
566465194335
13
596765440031
736381874531
820283065330
0
810447797501
737129461813
-24
787518718743
884080229174
860097781830
836752211147
26
-46
16
661395643049
-18
836927725700
504560123041
-7
672736255597
-21
510625846536
-11
16
774541600853
591231136723
17
523068704307
674475965447
6
961812226460
49
-2
-1
18
-43
956342777085
-30
-47
713595999735
-38
914456123110
38
-37
883569327164
13
11
42
537603870842
888659441660
661010073197
899210951126
-22
-31
863877360106
572251198849
-43
26
-5
-32
48
823078129355
-10
29
549766655241
-5
506944443178
28
30
650837104535
889144481830
501772916956
47
773403691456
25
-2
528975949508
-49
48
835820423423
-23
12
690833320530
-25
-20
-33
28
961009339277
552741522577
936102509140
516453991659
1
-8
950981154430
976718763632
746663109222
845997568819
985797852677
965541039461
569473787547
632108541404
942435387458
-1
-10
658972531337
2
6
894707415117
38
610220520468
20
649174055224
917527634544
40
36
923269367319
713210497790
-44
-20
-1
629574171856
832676257494
-19
-42
42
9
49
-1
37
663410369621
603340433325
-28
526309069959
962736186564
-15
-30
919655264779
749975343392
881987053239
35
18
-36
22
19
634266424323
659808964859
925338773882
48
694446117169
736926206496
-25
815316500646
-3
-42
1
658470639062
505447492290
923584394769
827119478399
520978447118
917764732203
47
600331861911
46
703745886635
703064518605
748330119591
555357416914
728351598856
28
648420690181
509168716225
969928906588
522160962377
45
753042938499
17
7
659218683785
653996187370
42
833957256982
917455547920
2
845611800046
16
22
-12
679703105327
-44
536621623589
-24
618764458701
-49
598382552689
12
527355596143
-24
10
-33
743002186271
22
2
991795868802
21
782202139859
-10
27
-2
615583599269
597354330647
516502387401
559723611050
703955796571
739350225146
590052481147
-49
911854887096
5
-32
-11
-1
32
629417912167
48
4
13
840558526226
524167952794
612488855818
-45
-7
733578811333
893698017419
-11
16
636064004421
983213546964
550752869843
25
16
17
40
728238358874
732426269538
39
885881150775
526647351616
-12
974304210299
841025065061
982604036795
-41
-37
50
554375415004
-10
-41
50
-36
991600569499
654884691945
-47
-6
14
647757319000
-35
-39
47
712506860001
971639739651
22
708813042655
-41
49
554237855200
824574177199
-24
503239008723
-28
40
928888787513
845401250172
787616676768
-27
523417166803
20
42
709829005170
26
577543814235
982255534826
625844046306
795424098544
-19
845617674969
4
975647897545
775622777628
952587648387
551078283629
523811353373
41
47
747772862710
45
826146009844
597763011589
720518178219
28
653730496738
552337859145
-22
8
-13
626739773897
11
554595821742
-42
37
992540616855
768885993128
593011401698
-9
16
-43
23
655890442732
0
37
13
938911686590
626905900948
50
586837676473
5
-21
-29
14
-25
556093094124
542577971216
36
17
-20
46
587773168805
972382518543
543362433415
-9
683298472422
25
878800219913
626374223222
670383133544
988558689400
12
590048686721
734301077506
639529269520
934215731595
32
4
758339713324
903292653079
16
15
-5
769892074872
945063404326
764190318932
661131435873
733324280750
43
774991428084
7
8
39
29
616309736719
587291618125
-2
-41
24
801248861015
945654547292
848585858608
515577983032
-21
31
-5
659100670566
962322396894
11
720607565581
-33
618999656676
779112739233
726786454276
640293398767
1
583659513007
-20
10
642676819393
47
879856443325
39
1
-24
590518922288
710231205371
850290707702
712646908803
879491251460
36
656685299768
3
23
36
631904784666
23
700385962424
-17
-6
37
19
675712173335
-10
40
43
751457380558
510832646875
744246367240
898896864665
622178710179
625012215212
553830632264
794179663568
-16
50
-21
-21
634987896571
624306232558
-31
18
794633522404
641253940114
553243036667
-31
948020347027
809383256793
42
26
40
-13
-32
828525251649
743125210259
598771814835
49
1
3
700943298365
6
-45
637402814133
913626519153
587961775063
34
-38
943764352208
-2
659011082590
-16
944146437284
700649243363
836346947161
48
-35
936056496775
33
813542423529
520527134127
806471413310
-18
-24
19
633589534145
658778790903
874540958390
512954196117
26
-12
581898364621
12
-49
637100768148
873114563784
-23
34
35
939290418059
-38
931840828822
615672109922
-3
685239977146
-26
26
-12
670332612356
-1
-49
672577041796
603382858189
-20
-45
910282469612
16
-5
666560298990
702346962973
39
0
628226394968
524773104508
-1
820811164748
595181522659
15
14
605222686374
-19
5
15
609357965892
982228836552
678859811713
28
-31
6
704627181887
13
-17
-25
-24
542000399105
-47
-11
507501867309
723485843258
9
619204879381
717026342709
888321786825
19
693756654610
701884526898
728670270593
684575030650
630339698919
831679851378
507004218242
-4
6
-24
-4
-29
-5
739308872968
21
27
907176345644
33
-11
845312926881
891569128855
910336938746
-13
910178391016
876113835467
-11
525350181364
-42
877131580920
42
-5
24
1
45
39
961330043577
-29
629507444854
876937772331
40
25
44
-26
755690918118
25
743126538687
27
26
-22
698739502477
34
-5
917121794620
30
784764712173
-42
643145973303
603107420314
716936803934
7
1
18
25
40
-37
997944133916
-8
747502550037
848113161898
991676382381
677835652770
-49
23
2
25
577382052773
753367113861
801494078257
569875673077
671696002682
0
46
872149836235
821007799165
686045324484
695334283197
-4
-45
-45
-7
36
15
-50
-31
799905426959
626489931253
46
-37
712769292017
36
18
617630814535
0
555928897246
849464754958
-17
29
19
-29
577927964423
34
830710815333
764588055745
694070963536
719922312201
-37
4
30
893417816534
864261230739
600506593525
843363952172
944835533623
15
987850019443
-50
940799862593
17
-11
25
651641813636
25
-39
32
-3
553099966011
13
570007085050
-25
26
933980320273
19
-14
-3
-29
-24
1
707027970806
626086448076
610974822525
621363102113
-43
641860461130
-47
874991081582
27
-44
677583452685
-24
-38
661628682249
-26
-14
504117955865
28
1
932826173708
-41
767542000376
-38
7
-16
657571158756
715322494762
-7
-31
692006698665
975668663159
39
42
739300573562
-48
680832780012
904130889431
903472065004
913175920989
896544555058
-16
519944903947
-1
5
4
-33
705094803506
-47
674904617513
-13
-32
850140156554
-36
15
8
46
500629713501
919456502272
996437201741
797367581125
867350481649
642340027753
912037769161
871688240785
952553993814
21
672400813466
-40
-9
-33
548942753350
867534939133
43
-42
0
-29
-13
520501635784
-22
-16
971698881819
981346475991
27
-17
589621979192
996799561447
672622718300
13
611892940578
771605367518
-49
-48
836286906022
-39
50
26
42
34
18
45
32
911975123568
748740071279
865293639816
38
-15
46
-1
-9
853641508088
11
18
-9
39
-8
-23
841386306217
-11
-4
-1
743304246276
899594402996
-41
31
978891685201
638994389550
12
47
904936728841
872078257958
507495509869
877059885609
15
29
585164219797
15
788609326614
828872123284
761530819308
965716266917
-9
-43
-36
-47
898356575865
-41
48
-6
755006021398
759713868082
904980025819
-1
760587271936
-33
-33
18
768514347234
794870139069
660545291900
622099449277
586923341684
27
45
-34
23
-17
829799826201
32
701224091817
-21
986096606092
33
963108340117
-38
-6
-24
-12
540475704955
515997937474
732106288719
7
-41
979191973949
45
-20
-12
969632527299
-1
752972586747
-48
666247930460
517136803942
-39
811703903742
776873161171
770177408669
18
807696051018
48
-38
-31
880365079546
822592593713
7
-14
-1
3
-40
20
-6
39
-6
518983611448
558713360659
-42
18
1
-27
580455298893
743960573558
773911658578
-21
895359000698
780382915360
888985024715
47
-37
896437146265
-2
34
931358792841
917012298041
563694870742
960090216854
572193631785
643885633278
-3
19
765677127081
17
971453458573
36
17
46
879268151728
-35
-12
563057041646
933673492516
23
31
-46
773826737939
883859474911
11
-37
-49
-19
-13
753628286954
34
-26
1
604991382574
823566892404
825304213013
997360315117
646762444381
535144238044
736162328590
608656594065
-43
537543323695
-16
651648997466
533833988928
969154055754
6
41
518540272867
600254363334
909851613378
585870954091
31
-34
34
14
779540828544
974590826791
679862680467
904916820576
-36
870245174697
914236708923
4
-37
0
964767102706
-26
522558544470
550789994063
45
29
898414901137
865201283654
695184486409
888137490404
-36
569928199906
0
37
-47
-17
-19
588090201265
7
-23
952270426371
979486975718
860573716319
-40
543258522100
695633419787
920332284284
659858213082
948529538645
518208790355
-10
632218976962
-17
-39
713862692863
698179691952
-19
17
-50
685105406991
974056518228
654807253276
-38
543522236520
931824626343
742287082557
917997480915
645196058016
-9
925366169985
585233493524
-4
505559456355
9
-34
-37
12
46
637348497932
533736990923
10
-42
724070573977
39
699466438451
19
14
555338154732
-32
607378588359
503315020680
676764996801
-9
6
799026614595
-46
47
-41
508807532760
45
858161600882
991012451041
705834752649
924298656072
28
15
865148954428
667973930172
689846054197
974649675286
-49
50
987026488684
31
18
-17
651146385158
5
614950691059
710586896887
-15
43
29
34
31
11
771518842422
-11
670693070873
-13
959246934943
-30
43
795577161879
928664398339
833617162551
648556609070
626801580504
638915321309
858480867212
25
552499426215
17
0
555190670026
550122163802
-2
729627306102
37
644114044343
809922187881
643639151412
-49
902051023333
779521846947
-14
735455294885
576153966672
-8
-18
-49
876677691392
-35
510706664002
-46
32
659173403910
591778903968
-14
917431957398
-40
933240512999
-18
31
902112272587
4
-17
787928055949
973815565490
5
22
17
-17
11
44
664088920184
992625291723
-10
954130279989
791620605575
682726843344
21
-32
20
730916274646
817527627897
618528290742
-48
678282019961
-21
609256975345
26
23
-8
690753695716
688773150840
827015036679
-21
828408742201
11
868097746015
883086931717
875526205052
853331989932
4
-33
913442131630
39
8
48
-41
8
-28
901419636242
857181519310
-13
739261247901
501893103018
854302088869
570462701744
500412522306
590121225798
30
739288776612
41
765958305527
2
641137593499
-18
737967911333
629333283098
37
2
645059454179
892955995636
961818692638
581797179887
682558319204
967549137073
14
758753003968
-5
12
-25
20
-9
44
566480686439
687110233497
-22
812113791506
715871190002
-26
17
537082465642
1
730218968134
14
-39
825817641865
877757004799
711061124646
527139406098
772063221353
-34
41
43
47
531873378139
774559127087
-8
560025294197
5
714554291270
33
801569622988
571797463370
-37
-29
0
783118492519
31
3
11
881650129449
-41
25
631849833335
23
32
962196332961
1
-14
749796291925
552923536058
760700771122
-41
8
-1
-24
14
551121784170
742826451521
870632684347
711501243991
-4
616294833230
779439374204
5
-15
-44
698192490230
832643232830
-30
47
622330514649
645045060593
-20
882556861340
965654998044
5
574065858348
734599106299
653621965743
945288417949
683163802864
899209061996
49
-16
-24
-46
10
638803167142
751740296293
812788336813
555664546639
-37
829698794249
668919739988
-34
618951487867
-16
786648254613
803586301670
888995496201
948056919273
34
625620048176
43
3
-46
882419387399
36
831300256548
23
7
50
-36
926419732241
769906413782
985795978837
-10
11
857879923536
988999154862
4
701844564279
749814320765
7
13
796206025653
762502309829
-20
-11
856839380543
883281720227
-12
598092354332
632147283263
0
854032406038
935421592428
715493012748
700402800345
-31
4
-33
869901291588
666533325866
6
765594630042
35
942987224642
41
829754246300
596137078123
971030781455
0
-16
851793220277
617069070428
-18
-45
865813766342
615196612405
845279346632
732124217071
-42
3
573497967098
10
16
-43
-26
-23
766998711969
37
22
739410216164
32
845910266082
948649621295
-19
959682559904
593026337082
983959695657
-13
514554000164
42
643079169845
540250540557
745856984632
802992428801
-14
687130724593
986125739811
49
43
-22
614870415920
634794694634
36
-11
795580977380
40
50
793727347326
-8
-35
-11
-40
791739762450
699834628884
770084126768
49
840451217626
20
-46
581009676062
26
-31
753857009829
518602622992
25
889070500407
10
45
-50
651749972023
765746681955
1
30
-20
19
529416575898
825604541741
-16
6
758359218545
873661879629
-36
-13
755523880439
669339840114
-16
670452175665
-22
-43
702343166743
44
811517313307
877882662090
594490726348
828163739031
22
567448139146
770524158849
44
877628552715
-19
569554052082
11
946310458816
944439799842
-37
-30
-17
972262931031
-4
0
5
541635457905
898222269960
-24
18
722765513496
2
744040899100
-2
27
954504315845
-49
22
-15
711207237863
-1
-31
-50
20
588162282162
646201807828
686533600673
565320296245
-28
32
951998318171
613012655267
-31
-17
-5
666862260663
798571831204
-10
13
18
621257842512
44
-44
-44
878558476547
554552825800
984290929101
507266386693
15
3
672829187471
17
-22
-49
942136703728
810106937923
-5
42
896351432767
674809009292
2
1
25
603071093399
17
-40
585860650887
-13
983493490796
674270531355
601222377956
532956838680
29
847265763103
801956645665
-23
868353803961
845422894907
970505632925
-18
992354123339
-36
-2
23
19
-39
767655300902
-23
-19
641625041456
26
671230587546
990444465721
704881861118
-11
874286285444
-49
872745829288
32
570067639131
707306957968
836695540462
864260395958
563886740187
550015370163
-39
614427116969
-49
621915887046
11
5
769776104969
-45
14
-45
22
752333520639
670651439659
-15
6
857860687785
568120981768
6
573534992365
683402975536
-27
700675172843
517142367615
575966498088
-32
-19
987879642591
869556749683
645497900025
-8
947909777639
854336003953
509795683557
787816267688
795361712515
902438201185
581429828911
941872379080
-5
7
661427035270
661566681409
-7
559772479886
960825019679
34
-24
-22
950803493943
991297177427
953543553300
635458249313
589919993057
41
50
850926027142
994351641841
989543803056
-29
-34
-6
894764181684
1
855527173164
820155250028
9
-1
928034931650
9
34
-2
7
-24
25
764562297182
730916785777
979120514365
32
639279206163
956112356205
16
722069188594
622664376357
22
886102212671
-47
838125613046
878079645873
976356545102
813500106201
-6
566492964617
582877858726
33
888436652760
13
-19
24
854687343065
667952368511
892368660851
34
-20
577904424371
890908888069
854186917069
829973237952
20
589502381432
3
800358695841
24
-32
559865245432
503366903641
-19
785018612555
27
721379293353
503363944899
544095204055
13
44
30
925327394902
8
9
595437334225
640419358603
901940070898
745350246672
599476890593
920565344839
-41
-16
921842506116
788429075909
-18
16
-34
8
858751402582
979150002077
835603804222
-15
948365671649
31
-10
15
24
895580694106
-27
-41
32
975094923517
931429301088
-32
867775164837
-28
744212630796
990044448854
654797189839
951177320043
22
594028942929
831523323993
590384958051
-16
10
833601225660
45
23
875755659016
-41
753799931105
666102920051
864138342420
26
-12
22
994144734620
998433049568
-39
886446711433
548892640254
-41
-48
819380958570
42
25
932076865037
2
867591548090
50
-12
815591090394
906218473851
22
691464089681
844792797339
15
-9
643839182701
46
-43
-41
-7
13
42
-17
35
-19
602232238696
-32
511033332207
914623448462
830033797907
803922054154
-3
519047473060
981055723725
517973090871
16
0
-48
931210595882
737522431194
784862488508
50
-11
992450919040
851269125683
698188858500
749722404490
-30
994659258519
-20
731857736710
682071214354
740420719791
-8
25
600369285589
929141883450
-10
969135803156
828026175077
41
-17
984128579279
673573549776
30
-24
32
-29
670319532727
-42
944192993338
-10
-47
15
-13
770926976827
30
-43
682957655485
766017343752
651507721331
580927403532
756255045837
718762368898
629257474416
932686812500
40
19
3
918278126103
747484079476
33
827113072022
969070063824
792078188012
47
701447570627
905944894812
-19
15
614980339825
561268186828
31
-29
-17
819132960364
535206137136
-48
27
5
836295210925
-50
804831231372
40
-23
572418580929
573137700326
752364947845
683980353181
600093997737
24
42
766570653453
-30
838867607519
-40
557472781966
796427193529
-24
-48
-46
9
-16
882975247435
512494923365
43
36
504375967676
-22
-36
825911352801
887034339662
853165605317
705095073362
823092502415
-30
-19
847500783140
809501772755
634541607929
14
527712642933
-36
-8
27
887572820030
7
29
-18
-50
921857742680
963958719091
-26
999212235312
912261912363
537422287229
-30
43
21
-15
922591289952
999925897368
771629422568
42
-18
43
-40
-20
638283635618
2
594913304929
658668465423
25
-45
975666172181
984459525850
904078642195
32
-23
-50
-10
767568876089
887270235408
7
20
634292953858
768859145267
581138100532
-35
35
-33
34
819930490465
1
778565244536
909108852221
15
-33
890466624397
978590773963
538787190207
899251656155
-26
14
715439213793
-16
934296496610
888643132382
901359372811
899401077056
-34
29
8
-19
706576878932
-32
14
979437225331
813592201884
518757402930
818736276973
848213845153
-44
721677046239
-15
6
20
735747413278
0
-33
24
-6
988372541313
937911965415
616262892219
982109673898
24
900926309079
-29
-30
802439475388
-4
605674704150
25
26
558382105064
812157587503
944176784879
8
25
712839177760
-2
-45
-45
25
-40
693721164435
30
865992190306
43
-49
763770935957
4
635830863983
17
911770909283
-21
-49
46
-38
50
44
-17
502449159943
868140855889
571834223286
5
848768553327
24
896961755842
-45
14
648807001739
557824705030
36
-18
-18
881336247245
736008659964
-38
636107196080
954817742749
-38
543389982360
616809631149
984270504755
29
37
817542022049
-2
908712765724
858569972239
611471109234
971287938839
-13
816865189485
958098943922
534404784141
841521308276
-37
856683032571
30
923483945938
998741303654
-18
702716154173
-29
694864158592
-35
-18
566365514777
764970605006
942259318107
853235262416
34
-10
738909557641
-5
632109265812
760664726333
754006343203
12
-27
860586478740
34
561876553634
31
980244358886
-9
-49
-1
12
965432559499
24
777799511031
516214178168
940324175919
26
-27
763390984416
643389004136
48
-12
30
976537963976
-1
532904124899
669389142997
44
644462164389
29
-11
771203269994
693520563062
-45
603468980635
735113270830
24
522404679611
15
19
561455399658
686793476694
25
-23
-45
877864433069
-13
-48
2
29
23
856189057771
38
-30
937326696775
40
-35
779744267814
669978235224
-29
-17
876285579251
-48
632669619925
21
642047338292
-48
-47
934605304893
508288484465
638733710048
-25
-42
619199130754
24
981112469199
17
875452112747
891136283744
539530494579
948809407832
715475352058
825548354980
745513491725
648711119127
-17
579156650148
999138952095
830021398756
30
755690188550
841943492740
608864629671
601508137555
815513159941
37
719443982032
552654473229
-38
23
911715437623
-9
-1
952623910017
710343273520
-10
575346964235
-30
856171201659
7
-13
-18
881842410955
46
34
780658747957
932133891383
-36
506548154477
-5
45
918397229502
909225898694
-39
644315402515
731583009526
-22
42
-36
692922474042
524501115008
-27
918751437022
-33
32
-47
625049396044
523817671906
825875291936
511691650241
50
-22
-49
889969990772
548734630030
819409714500
-35
788772905190
978124276516
-15
39
788560074672
-6
-18
-23
-12
771506865370
17
-46
-47
1
-23
679923022160
747914528237
924384800836
975641992487
-16
34
579523032147
-5
695765012595
677881903301
957319865978
-11
49
771216580941
43
640153010111
-29
6
653030871418
-19
-40
576982224940
958542913412
-34
900146988925
776009856103
-45
19
835845897442
3
-13
-15
606990920769
994587532178
45
553241497488
45
958353082065
-31
28
674006145339
963706523114
720929066249
-38
960220200048
34
-3
15
746468348115
699029119473
-29
970510374031
-24
745534076726
745136619734
28
944119967968
640819772778
871771513614
-43
-36
39
947836747933
-21
50
935333664550
42
561213892813
23
25
-40
26
938695336413
502804376503
974375291341
839371598684
843008888453
758539829110
800627044010
565624194503
1
4
12
505709238404
-37
-18
15
-17
-34
613347253019
893475677302
730164837215
733860759679
650213821679
48
3
516444480221
28
601645794322
583881622990
-48
713100147498
886838796244
-12
964831315730
963664245858
32
966724283766
665146260277
976625699766
-36
933870687921
-14
652128479049
656096913934
944725524727
630333969231
626947697124
869046482518
540574381482
-16
-36
-17
730310861750
41
674478575167
33
38
660593733112
697993548554
626565385961
30
894156076132
11
-16
-15
7
547941799093
943164330467
24
555163733127
562357593137
-42
-41
-22
999787661095
571204699912
539472104421
-30
898331343307
939401966464
33
923418216099
927162762398
684510546604
-17
41
898755621639
570990180966
26
760270224980
-7
31
-6
50
738063052123
37
843672073360
961044458752
16
970780983319
666482370163
-4
31
574988221863
50
-28
-46
896260911297
12
29
862351228394
-33
928387164708
976664906998
897985631290
872222884017
587333165759
38
-25
732833429344
955047167912
916073352490
-42
977215379081
1
749779122247
14
5
617749113888
540991133787
36
22
37
-22
-28
43
773224979472
50
731426240089
601210466288
37
29
876709410221
863614142347
956415893578
700951295142
-13
545284725177
12
766893682279
919667951379
50
-10
706610229765
15
28
639609571708
22
-8
924972924990
-16
-34
898456433555
638113315564
848223526040
16
950927305474
35
43
5
905544478470
707216966588
14
997189461661
510142190832
8
23
905386554935
-42
712080904013
49
-19
-41
682397612328
-11
815559763583
-24
515792779537
-28
966813449808
987833221407
560771942254
835400764008
805465759761
-20
613328357480
826453766023
825446820881
-8
20
908314889349
-47
532115584156
-9
836725139493
861697454876
585319110891
25
983887406480
-8
559498656965
7
0
-41
6
881618167843
634532210897
787409856138
791721490607
604499152962
-45
806395347091
608226518692
929717308895
976016102646
-39
-4
544917965180
753871076000
670937975250
664846260339
-9
-30
-33
48
12
801706447918
14
770947677728
-22
950763579091
636683789472
877738040705
21
15
46
-38
598163883585
667112012869
41
967754186191
-37
27
-26
22
699262118274
41
861969933657
47
626541017771
20
19
701533181668
24
570598864730
635569541957
21
14
752998208210
21
28
15
896556788315
708359972010
888046972878
-37
-36
29
886473900587
20
974530370246
18
831179480373
36
744530051943
-46
968152387464
785031547034
-7
37
20
534713988689
607931544748
655289367587
-2
-24
522830903944
910579751534
26
46
693710029792
-46
-3
-13
9
764946138744
-17
31
-39
-49
33
806770789928
22
-3
-23
-30
-6
-48
37
607099974292
770853257837
8
33
-48
32
-33
-22
5
40
-40
32
-15
-16
982546401383
913273305861
-7
41
-37
934173869007
679560946101
-12
920805922420
863463367588
30
32
713209117362
872621461170
819805485519
658072974300
-17
-12
-23
805935297820
904734216870
990620042867
807562804259
-1
739311298197
554465593896
575626830830
-49
-35
907830865978
-45
581162912950
588653891090
-17
4
-21
841772629188
606286870094
0
542615131287
507941714846
559010223274
-44
905815916706
922912631682
28
648893275851
680525739777
30
-2
981920355674
717838373894
646448086378
725744863052
-18
763893267577
660995639736
49
680473937752
28
916200770250
39
-2
702989175963
849849720259
611933201985
506651391922
553293180527
49
49
808735591853
34
26
27
588755792806
694876472286
753647025098
885212271546
810069352760
938393783411
-46
609743335469
15
-3
-16
-7
810930117856
986958433187
561786315553
46
615600576579
511173168212
776884193673
504444298567
-15
34
931383111418
916670942049
595768604218
3
-2
789256998178
-47
820666728993
725311944692
711974997291
-49
913573247679
10
-49
920903235531
-36
-46
-26
962879416033
854579261453
504717937494
28
-28
675847002573
513220974240
730364570466
568687646098
929486140916
629835693293
781757491855
-11
799929113147
993345952731
667752701356
753884148810
-47
45
-16
-29
22
17
2
-43
15
30
555199327985
-37
864531656893
968200932370
-25
904558333138
-43
43
-11
5
951355640675
1
738289997868
23
756529656315
653252795278
602811726705
11
11
11
42
12
6
593915397778
559990240465
31
-24
38
-28
896896895191
752154870039
931105911139
783006894499
33
50
-17
649812984228
37
38
-26
21
564362961396
899932330982
2
20
-1
971991779556
934460197607
700882411524
40
18
-19
30
-26
-49
-49
10
-20
38
819362792012
623877495444
5
48
24
877128651447
690187517664
730031292779
798873893492
-35
594801193676
-44
533757508067
946522295619
571996490762
950206874564
-48
759742673609
9
979064755000
-29
880695864929
-10
929758140851
-8
48
693612265063
815149277518
19
-42
-36
704448190494
-7
985953942915
26
715675381981
12
755641113563
-27
-4
29
17
-46
-34
653721247636
512768472472
-10
735070358699
25
705239389391
528357884772
940753257613
828984793568
759724802875
11
-11
-21
621481167516
981197961234
980110664469
769295189565
26
523193416923
-10
658260153539
-45
37
23
-35
-43
31
620022703567
19
41
899409271148
9
-7
-44
18
507014212853
904867267440
17
572523424433
2
782906507943
969672738885
33
-18
915754691430
-38
-32
-44
811791105674
-25
-49
32
894990410740
950701786071
43
952427065677
46
836185758076
977745155957
-23
543077662868
623490892572
959272205181
26
30
14
44
0
613560382075
891233439977
20
48
775135961026
932566124017
-33
-26
49
922552262915
958603548037
980044506513
49
-46
11
578979711920
958141548471
706239611201
543083905874
21
546834546433
12
-5
570319203159
727174727410
606180598028
-33
995971375930
-4
-28
-45
871102962842
652181078068
517533234435
726620329763
851989763651
26
643399868534
958697816930
30
11
44
-8
646915217338
0
20
965336516179
-43
50
847107443859
803258181415
661747376129
661380309036
927315449651
-7
-21
-28
782837921536
747210597957
947279080213
-25
562966856014
524471502208
576434173469
-40
530855387108
800041769459
40
797254090033
-11
30
-42
710933439139
3
561149883980
-4
508227187382
843758626295
5
756744428888
766518478016
-16
49
-2
609682834383
32
46
-12
560888210122
-12
746634221375
24
31
519963827685
37
48
877963042651
753399929521
-26
-41
35
794352218383
730381745805
901474765083
952589826772
942362539676
777280985444
680919389627
-13
50
38
867434510532
-38
45
742448196915
48
0
983969362381
805804444328
26
822748642049
922519957435
-6
-29
-28
962322679222
31
776702602962
38
-48
15
17
706261319238
623135542703
-14
946100095539
47
935060172386
662028411435
8
851982820918
12
629413595378
839240312945
42
-50
-30
654144817257
-10
-45
-23
542253701363
500005000966
794107492193
842766076341
573982344882
24
657114024736
941698560170
44
904611576706
634003106846
-29
0
-48
-48
799290482551
995015505094
801749862427
20
972038442769
893039970078
583922600792
-48
676644252811
861516991585
18
881770468978
0
3
950663689318
-36
-13
686087687320
815186240556
964497642962
821225901307
20
507881906085
809871557527
873051468025
28
664870251325
25
645892247889
820920101992
16
774993363142
3
724924508203
788064832929
607406682957
-26
699585957345
34
-31
37
679790907684
975584125206
12
19
-20
912156900688
623015764976
48
664824551434
945158665662
11
-15
840080200375
-19
610657391545
-38
829989844655
941579404585
590328914463
949960394012
621033374890
506880818111
889334553470
819448329868
514894720425
-45
695253653267
34
21
594614197461
988201549512
48
-25
736442703055
9
44
37
823019755400
-49
28
20
-32
43
-39
27
713676623091
-5
-35
-9
763196132615
875089447042
676743421411
829518351608
-9
953381089499
-20
-46
-12
862431137973
841930431068
840271943507
14
25
-12
13
728447359467
49
-35
855788421559
539970403246
527737172615
1
711121009588
1
8
-32
38
616955853196
-31
45
-44
807805789867
558598270556
749164153402
37
922660311908
900989075655
977020719949
-44
-35
41
710754946586
591684235464
-46
834287591602
6
-33
50
-9
-35
848372062676
751662340776
-35
844597165868
602711395409
808739296846
701205887690
983115718939
-39
947600964567
776850173841
-14
-38
7
736815010375
1
-18
884671814437
913663511608
588171343284
639153067453
989290871655
2
897750750156
-23
22
-17
-48
20
35
755829891489
891173024646
21
4
-33
37
809373552544
740256709242
-37
-20
-25
763252107367
-28
952998066353
585636006800
41
22
834284444174
15
50
919011238096
967880647610
44
934198061070
18
748069608102
1
-47
-36
30
-40
31
871990736372
-9
759345923319
18
977343036636
19
-28
687715819793
-45
27
4
-5
21
14
704352806030
988181022763
869093754329
914553745129
946998914929
-41
835629696198
-3
-21
-12
661902818922
-5
849200726188
802145367376
8
520477582506
565925033279
596955078995
556063374981
727034380383
-4
42
671428597243
26
753969075851
517971135099
981411371372
716539932530
-36
651989244046
40
507771195887
-35
831725760558
-30
731464924397
1
2
-22
820564419250
-10
902931923929
583623617469
28
583456635558
-20
23
760133050102
-38
10
17
45
998836995025
515175438712
635799037984
886904513821
-32
-25
37
914565174908
649339732776
739886816823
767416264033
537710070590
888036717779
39
-20
617584949176
18
-38
653527372159
14
-28
-25
11
611501890754
44
12
823962263135
569488983189
-21
-12
519117668725
547144133065
877476613620
24
-40
595081965627
45
656538442762
998966964379
-17
599728490809
905246803975
19
42
954751661521
27
780651251209
49
26
841242585565
732296400179
-12
-39
831586574485
-43
-18
968520506814
22
-29
-5
946331368905
-6
610381824848
720545950353
719517529828
570841987623
13
-6
795060992341
604710927192
979291791654
553470960206
570990574882
726220754178
15
992877439773
530299619576
940361525543
-6
596027551964
775563272112
1
903852825831
6
945431102964
980951682174
16
862308154023
39
27
24
-18
615873810582
-22
777704463973
48
-47
39
737536378313
878295245643
820128813992
597335365544
15
548537850699
503282290615
682082246463
15
955064199672
628005389576
-8
-42
973299356531
-3
-16
533664691922
22
-47
18
617391830274
512100956577
-35
36
868866248731
-8
-28
4
-22
0
18
15
760596493828
31
968045980177
526624941090
21
-22
17
554044959191
651378640335
-13
50
15
914117378309
-49
713634325996
855499687552
847563991257
5
20
561683283328
-23
-11
34
-39
-10
993953091163
40
947422724546
613243791051
-25
885036482846
25
-34
535821856276
34
726993773697
609884113314
986587045381
701552748869
671547648588
-29
910412884266
816874630152
930930260899
931880652544
801613704339
921131545343
560912085287
967528177463
37
-14
575503805715
-26
604216865843
927690465371
678079688113
28
922325848941
518066105182
-29
8
773438337376
853708835223
10
896016810952
-9
41
860509120940
926104029728
771258272463
0
-14
709910662516
525067473800
33
-19
18
-13
751689121840
-48
-45
21
841515902718
749874896179
31
657075702944
-3
35
-5
-16
765982797091
-13
645414770809
-41
972431517578
701728522990
723044821232
-25
5
710781849591
509311912263
523087668527
-20
-3
924260984116
960310294076
822646734430
-29
-7
-22
-31
36
1
881759868051
736359319745
-47
783402806429
778635656190
-9
561174288068
726532863836
-22
8
-31
969075778216
36
597622401497
666088840493
-17
5
751242516192
502458036851
612800598095
21
-41
-6
6
775061056665
514404971531
968723880239
23
509699331458
650286628638
-50
508950140950
850124124445
-47
898994134246
-43
-9
735923689934
-41
-12
650246887842
40
661983458629
34
921653351061
695815417727
-28
8
987374765178
42
853623664679
45
878368769563
29
938474296754
806993273375
-38
39
787903227536
-9
620279947966
22
988854894044
32
624197486072
-33
8
746627793836
514123010459
874972764414
-12
968967069358
829848004561
629553342729
533376255878
-18
43
876205046549
-41
6
851569622442
41
-42
-22
963298584628
906741029216
40
623009909352
-11
14
-46
809437006481
-1
-43
798512025384
623049066462
998547380382
900261265843
726694022738
961245351473
-18
-9
7
523110641522
-26
-35
739721566786
621838449523
5
553181537934
950567332474
695645358915
759356768110
40
915748793397
885556915700
23
679380212850
713978650255
803046568173
-34
-38
18
995913042365
933905577818
766041757708
949930310087
14
31
561490315073
806803662946
-25
575799070569
23
49
990733421825
617854545552
-4
703049753032
-25
671787220007
-45
50
-28
-18
840788496220
33
747840320215
526515996400
21
-41
-4
517938443082
31
938737397128
31
568872487247
925788326634
8
895579310037
50
934576614967
908948495995
564666357272
533909955416
543476416914
701260076470
514861178041
7
714160442859
541571202231
877808738467
995909021057
538889817311
634184287646
15
-10
-17
-6
815075314356
10
566611234526
579282515001
-19
-47
-21
-28
756140987539
-31
614953691782
971775468005
799731862560
49
47
-7
599092223815
-10
619048235536
701265878926
-38
-34
28
43
768126166321
787373911415
639665712122
-43
3
528011353025
18
42
22
784518851082
663256263942
733763085322
806013685471
882223614721
50
32
32
-11
599860135820
32
25
863921939410
-32
869267682945
549338764440
12
41
938728150023
561446372946
600936454076
-20
5
40
-16
587304900642
541416820951
-2
-23
960187817015
970279879682
639161038657
-7
22
968418321412
907459936268
852979600204
-12
-3
2
930807454873
899426959926
974677643683
772642183406
766207044347
994791275875
35
-44
663912719076
9
894006876723
19
805450822639
952261082641
19
-23
895017356890
9
601412569848
-48
18
925751311816
658612453746
18
571897103641
4
915194546776
46
-24
-19
883207689388
610025967722
30
754030832223
869038377731
15
13
772293962693
-39
-9
-26
527133976855
-37
524808728211
32
765026588740
-14
795284944754
-36
-20
50
21
710954304781
41
22
818562361029
19
571970685330
522750846033
-38
886452374563
631169909806
-29
873852285370
892350907965
601383900748
-49
713682664952
621287673094
668167468624
16
947140081088
566514197564
843659367136
896168011486
24
830262852272
-29
34
959090305681
768157285360
-17
38
563616838775
-9
679343179471
876152626238
527643804977
633698087448
899180320068
639794247303
813894076217
526764108273
42
809336403444
803100074950
41
536165531238
36
-13
901236269452
894511753047
924361374534
-34
35
7
-37
0
-8
545981296035
789367203748
-24
25
-33
632984027191
35
-6
873062856071
989070027997
758850667945
955156438778
806469460739
6
23
-13
-5
581243654627
20
625813409326
845986018401
28
34
837549829051
877266186912
831047427017
698016695948
-42
-23
-1
19
976897027878
631816924378
-18
-45
863511337816
7
28
30
623333499184
735953899581
845366314336
840975926912
-14
985094231133
945526966386
774042087939
-4
569657815572
948911396210
636662235899
642132492769
799480375738
-3
18
29
538917477935
849628578851
-26
-41
563355189268
801693826995
706557071347
-42
576375771314
509170221526
627390702395
-27
811859547881
835244293674
930840830777
789026242614
2
-31
803771624610
31
25
-45
708760650087
17
579405356814
-41
37
-36
504251536455
-39
-46
-5
-23
11
-18
998877200022
822196277553
590113590268
-32
46
11
958342584928
979058162093
998851024611
951138182593
3
602081949024
29
-29
5
26
35
28
13
946172180377
5
856499063967
25
34
-33
-39
-49
514003802806
-13
42
-16
709354522406
45
2
36
538509643531
-28
49
-15
11
-2
38
49
-9
-25
33
716592169232
898966652906
24
623665351986
41
34
954643596989
-1
922173727120
-46
-47
566845134966
586076276970
967479697917
640335808638
767374986366
-44
576141526525
50
549768701931
951800519288
-12
12
561649634995
-35
950532711792
-25
641105786716
585658724995
776810347201
-31
-30
694196020586
-43
3
604273377956
957726622365
565247580281
655181067616
-12
10
-14
613165040997
16
782238976336
30
718635300848
-37
589967010842
0
-43
763904432002
27
-13
36
758990644264
842594843037
565179541987
22
759491830377
40
702105062288
606771529402
0
506687251410
575677502823
-36
-2
-37
983105162242
12
846524876685
-19
1
585955539697
-10
548532965067
-8
994105841902
928634416654
28
683586292335
934859550391
2
580223227464
535937714739
20
681987517278
908425564914
22
530015932236
703680432203
-47
897208143638
742144646263
0
-27
706543306480
-19
34
28
-37
555890787539
640367979192
39
623440505095
34
-27
15
27
994658879698
956681036832
-14
850229690429
6
923529074706
745665810816
-13
509403977277
910865803114
772501479968
0
-48
540158295131
570516650688
806202053772
1
17
21
12
0
534162469466
7
23
886736871015
-10
31
-6
572889059659
659632865739
25
-45
16
838720422861
697181798417
577269593862
-47
46
557505784626
27
-26
973880103333
3
934516441878
27
594255874646
917522914040
-10
-42
646186664822
708801006805
936606437885
20
610420837799
663472992493
529326938648
-34
24
810098513213
820820179978
504044150990
47
-43
624844394537
590646387840
568279025456
926101200798
796291794510
613077356031
990879398614
663902660217
746879709275
970298020573
-22
858829976148
875084021679
-36
-47
18
-29
19
-1
995539621127
0
-49
950385536480
-4
18
6
41
-33
-27
21
15
638469330905
19
929071776213
538968786283
-21
644913233864
-26
534343676773
19
875069745288
798566415731
-42
-5
997996238826
871572837368
18
784173636683
860259824807
513043912964
0
-40
787924486095
843645430827
15
-50
671277465985
-39
-38
1
46
47
50
-34
906863205612
604729350113
862277287152
511289095577
966497350167
549588282043
49
899853908930
-45
37
-40
787598304752
781628842587
47
520877180347
-15
44
-42
721496955071
778644985857
695045730509
49
-36
897772010832
520439787896
522251310125
661821121663
42
557241602650
852902071241
677814286107
992849481203
40
516369827701
798000074622
555239587338
507719948448
882852859821
604481197842
-31
-24
741097438493
949855572220
-22
913828905779
686031459902
685900675366
902829773536
773544173147
914751009013
-30
38
13
585773103216
616856962347
-28
967926446363
5
-20
972441314616
48
761052987432
561651388611
1
959910884561
708494903358
8
-38
649265712485
21
799190372886
-18
771200261797
41
12
618187900825
702689987954
921308239406
636666148188
-32
24
882010966886
750210219532
-34
49
-40
940300478293
40
505428763093
594634270209
-5
921745670461
7
753475668127
42
577359113793
682060409688
575595120940
762837799857
811198615460
34
524994704668
-21
8
657175630747
848226057677
-49
29
-37
700220421217
20
752030134242
-27
45
881027381400
771813893775
824608758954
15
782121372482
973002131821
38
537203360466
-41
28
538316835877
634101166514
-48
975871200438
564479359217
680141003660
8
23
25
18
42
29
623872770009
-28
-23
784297725301
17
952335956602
-30
-37
8
45
639419963245
571802165282
537405865621
815385250063
841220807846
724633504960
962274252660
24
526590142521
888446802598
27
587248779883
-17
739938826276
-34
631551272520
-12
10
874320693288
836590322962
573513847878
767562949654
767307456120
655258253215
535112139049
32
-46
-22
32
931531617381
-24
847777028209
-47
-19
32
-38
29
19
14
-33
948554042613
798880389822
-46
918558856329
663361711270
658103925599
47
872239013885
535716694685
45
-29
947122529064
-48
800397964644
34
48
10
-38
-44
12
874516282376
509300379981
801415022840
35
13
15
-1
0
696317371450
-15
856171075105
667185304157
15
-11
621239731664
39
-2
724957935964
5
763473539152
40
30
861054115409
-36
45
744713813591
39
32
-25
-17
7
36
8
592324618086
621417796473
13
16
790031356050
-37
4
-1
-16
751002123898
-35
16
11
24
46
947451420598
-7
24
19
-35
546119929443
-5
-15
-22
-26
-28
981069370815
954991859477
-18
988907678839
-10
655163068441
-47
6
596580963913
943234335044
674794700473
834821874849
722825234451
-42
14
918860910993
600825165928
3
24
-13
583183273135
569545979034
544405221287
932959821371
4
-37
970208592297
769931388403
-3
843901262306
829032422070
709290700752
17
8
527909248997
681469648007
19
589924484345
4
920161836050
-21
604701588085
707861380624
37
983764945016
-25
-23
864753689413
12
986675814179
-1
548459994744
782783158010
-20
535392997657
-11
977034164003
743561103077
850286235105
-12
4
-27
44
-21
960022246935
650510089666
21
-12
17
2
540947462888
740021682864
33
550512730635
6
25
968123739119
37
580906126970
554629293049
931042959882
39
527737785751
3
21
-49
658862641127
595814196608
11
928688371996
875406524670
501727761974
754841505001
716965653779
-7
968555501229
637854743147
-38
-15
689062585098
756680096387
38
15
44
733867049749
528369304509
-18
37
-49
655422287472
708322984995
30
48
527313487492
-48
806632980408
-21
855051025299
684877010267
43
773001842152
868181627520
680957697255
763691049245
674475123519
-20
37
530935066599
884593623022
44
811738795163
883233983416
-34
568755466618
-44
688561178700
690495159004
914520023173
45
-34
-24
803926615454
803021987288
45
991016646908
534836018791
944216699288
6
39
8
-50
1
753113705332
-21
18
-48
7
739245549671
716454380177
912221465057
542199875590
818986262791
679758104516
43
919621139482
-35
906811353943
-42
563701263071
841766710586
546446556907
-28
40
39
49
35
11
14
642647639954
44
791372633788
37
5
980484197124
712362752889
530424210591
857913723119
46
41
700017341268
927481093412
14
-26
586912798993
-47
-32
963450465150
612911212363
-47
18
640221309522
5
50
-15
7
879219283917
871985467110
653436995259
20
988629168448
835793782166
-18
568647197892
519009052117
35
799769413496
3
550167779000
759043580763
508238799265
960042302981
33
740122088128
40
12
-41
732789687172
-49
652887701515
659116240369
44
29
584992826025
706925584738
-29
821751746594
-3
815344225902
10
5
947272421608
8
705850023680
-42
517526877794
41
903950745894
975423100958
971869555869
-7
853665696329
738235496789
869496945813
-42
570614782645
690902373712
18
-29
7
949156539010
756096041320
617802240123
950802110864
641795862073
-33
841378213549
996242319336
571392753445
15
-16
15
8
13
-28
865518771085
6
-48
-50
837776235883
-46
962982543351
-48
979582330119
-28
531762134812
514716769292
-33
905333610844
4
519320761584
-15
15
544537881810
-21
756113335350
-50
41
-4
603891028175
579895847692
925460404838
716421580047
658280222144
935756413477
-16
-40
46
-40
49
38
25
31
755752477819
-35
572223832487
14
-42
-24
-25
869884362950
566570497828
848453810003
966139142607
-6
538813755733
20
-46
-37
965153495278
14
46
-28
773179598415
900536354608
877572003493
859421064169
-37
21
603958915289
996241917351
866025864236
644818074318
-42
19
-39
882876391580
704432554283
726582668964
-2
-33
31
23
698102956829
859591283863
-34
30
541049704236
505918308316
41
527940431877
511782552295
812291233130
892986419397
-9
865860477513
19
29
872664494150
39
26
732055119943
-21
41
4
568770429616
-16
894369422539
28
42
772055794136
615796002269
-11
607251199375
39
47
923687785386
528703596836
739687850371
625544058274
832063862204
-35
4
-30
583890345717
550770483028
-50
830959317654
845130101069
-38
796452095224
48
816455031056
579710239113
14
9
671733444817
8
903081057790
784753614234
-12
779246949195
12
28
713189864769
-25
704815441124
522372026313
760947651800
-40
18
-12
42
-30
12
6
802983183081
611429962107
658974321904
786142868767
549881181869
-21
708915563484
828675593194
-30
1
39
-26
-2
722303160063
-29
-38
842838586782
4
-43
-6
-47
40
552432080344
523104751021
788663927852
875710325431
715903620279
775701717427
19
662404943840
28
655533847701
43
726749477480
556826786295
899810556164
-35
49
809124758010
-45
752622558286
-13
758690999930
551297329851
-12
988227855947
551839812711
836113175860
742020345871
506828359171
38
12
622017239502
10
42
958322554947
942531894850
736446267767
639016935082
27
12
50
-30
-46
795226221876
-46
623663553485
761957924663
813308462713
609022278093
11
33
972306615934
-10
821577302896
-3
-15
-29
806916988668
-6
50
-2
864500893904
595550598702
549961195480
796428476771
-22
-37
-44
-9
-23
751701674405
20
24
28
745632413549
27
37
25
527146820304
-41
928730681633
811794360691
571726042439
979468087093
813533702843
24
786162859407
6
-44
-18
48
42
603745978282
16
634650459472
2
913107567401
42
-26
865945460508
-38
-14
825661371313
-9
908493354754
663501281812
861624403714
5
861809908291
-1
932595241378
40
934521673413
25
29
818342556210
19
-18
827154310760
21
-21
841981093770
885738585602
43
578040798066
-47
-45
-10
940736148204
49
528770411968
798038860397
537151305237
30
15
6
-47
-21
968673440458
-48
505752161491
-20
959966535203
558888479561
956349585592
49
970527449099
22
808358157515
43
-31
709273466524
21
621623985271
13
723166421720
775064165128
-31
856334299694
746978106763
746371605497
773038589395
883095655056
673811233064
20
-24
15
501008150730
-1
518803448360
11
15
663807193372
16
2
912386773600
18
-13
969625940023
6
917438736861
751999829198
759695748525
726347154659
19
633895256128
652976748179
805075956449
964971495449
610585203234
878697554049
18
517609766367
-38
1
908083958982
686208264543
988186223835
607184850212
-35
36
-36
825237655589
44
34
-10
778373757690
-37
21
-21
11
789601455177
737138633993
21
-33
19
676332206441
48
-29
15
898356835866
39
-30
649872317510
989918204767
772831413944
22
36
790792121936
904474909196
706372813275
48
519433478640
-21
709296330508
695720005682
-37
-45
692901559329
-6
793020046548
-14
889392733394
-3
621307722265
-29
885511025214
-25
5
833097434999
958383470375
622094000806
780415898284
13
28
-35
630637705907
-48
757106938880
596854643261
763267536581
890901244103
883094905220
19
963369913826
33
-12
-4
14
41
-44
-34
525627927942
43
-37
808431568312
746812107530
44
48
-10
833472177675
-27
-31
767145037369
531727906883
502673937761
-27
980158195932
-15
534907049091
977276101343
24
32
760812791776
-29
545307662886
517361681954
708146294008
644596222705
805679117634
914952081673
-24
47
878412409807
904692123322
613404811027
740089821565
845802269278
-15
-42
-5
562568011447
919847227873
29
874893464567
-50
813456048057
712956267718
907856028260
718931096864
729899628848
814573501712
524213405414
8
877982527573
-13
-40
926944228832
864100492420
-35
673693766936
-10
810573995011
807236213619
680441114688
850975773532
-18
-2
45
857464911040
610366984348
12
-24
626665564416
7
21
982419836355
609107993541
-7
-21
28
636050301739
511803888698
42
-12
937796988747
996082440962
675399014248
-48
-7
-14
-3
32
7
47
8
742682894141
3
-26
-18
958346826830
48
-10
14
-13
708189813026
897131017401
979693803611
10
859400965559
-28
-3
799826329782
573689809618
-43
915583284144
741214420151
906200244902
-31
620846806182
-42
638110223529
-46
939226946641
654454263395
-3
-8
662671230389
673910331176
-8
791009131348
-17
685122705696
-27
22
22
506803698919
519951159575
33
43
-11
942951343910
-46
563339431324
-18
15
569583150170
549436239747
32
527818968102
612176264146
540314524708
-40
858066449223
29
668462542613
9
529554454763
745325854963
787780971453
775637334240
832463386414
598423313286
7
-24
5
889310731774
31
-45
28
814613968657
4
-12
611397506936
680777919957
771735320321
-45
6
40
658568016646
34
571847338858
806937516391
574239238138
709187728695
25
889019686007
503430153998
-22
681969178534
38
17
-50
703400256743
-5
21
584207627645
770897588617
-49
524824378268
7
727725279188
928397789212
9
719356534590
14
851662676338
32
-37
-37
825915054028
872296292683
-13
-47
604859049484
661074373055
961683163455
-8
819784800041
46
45
562481718622
-38
15
962732600540
526377549803
810486460913
-20
34
810077701233
790482071903
654012186595
516682174269
-2
-34
804338881006
973121254997
929531476013
-20
974007174364
757668389116
717093077603
-46
879366746565
28
-17
-23
735083040580
22
0
1
682719915468
-7
695530846128
-14
33
-6
878728389653
23
877208472694
-6
-37
-12
507259985889
27
22
48
502980658552
-18
798426952598
575355367929
37
-38
-41
681073774585
11
663213030234
743260054038
640379657525
42
-8
-28
-44
664053641070
41
-2
4
-46
849421649532
12
745220616341
523827577821
858217730119
665152052718
734702224057
-50
988694084759
-7
967839054868
885000372682
-24
26
852589010633
-16
719613482626
-34
874219800933
39
569834195247
-3
12
37
39
813530195404
664598640268
18
999633417476
586342239054
35
672161191972
525826685410
882538700850
-27
-18
-26
856655277939
844113817829
974884645855
785019565489
-22
554145493000
12
-9
949518723901
798550884269
-46
-20
946568461971
35
672400791999
31
22
985413414410
973545733329
-5
-7
-24
601060696987
19
897024845852
-10
-21
786814506311
20
25
600505207441
882822405826
734560512386
760313364715
13
620684199703
591304377540
884947707481
904013138194
-46
30
788096359959
36
-30
50
681256380903
506521399010
953992174850
961341705026
24
-7
810342112312
542169675160
648367937928
919904121671
-10
502371959339
641805950187
955614439689
899881877997
-15
23
8
40
896154675570
3
704994039226
45
42
-2
24
765846770074
996657120220
743717043632
-4
878107384050
652592792284
-11
855836446090
6
727902045652
761148589722
856340087454
18
559535754063
944272741715
672833716656
-21
-34
11
1
38
-28
-35
-8
843471261231
-13
-14
-36
-20
946553804030
538499653851
908179418218
15
16
797051718513
972180423853
-24
35
30
-6
25
35
0
19
-28
701369820087
717980012549
-37
-33
-15
41
899007788795
28
575213580897
520010135975
-35
-21
837747083258
-48
43
-30
614973106716
-4
755122220860
18
-39
701697570781
624306662429
-20
776113404368
521368111825
19
591032587004
919836485627
904437450287
-19
677741653733
907876036255
676569424057
44
673377205298
46
-10
717648861518
880527147166
-46
965736868801
0
543123877328
947303867989
640168586181
570251115668
753274151918
511948103606
22
802839286756
9
817991506629
630515858103
16
33
990960680834
816077099139
-15
4
-16
-48
22
3
612019616522
578609510907
813476976087
874289827360
50
-19
-29
606347191060
883077990010
917218784219
986194059308
825013393652
-5
888519691591
715005592795
918190514126
-43
-19
755393566468
602397779740
38
922579903986
35
27
39
-39
928917711167
966355781905
727413959250
824760985761
936205323501
680917085154
609686005895
-11
530250117347
-24
-30
-12
743635274020
749684225267
638074378837
39
706754375646
625842711929
37
582602347705
-8
564755853505
715677260311
28
726256047215
20
532210006293
671921776493
603052985734
-32
652886289176
-16
948032563163
-48
904451595647
956603947960
-44
-38
-7
573196136739
561018727752
-42
516932190924
9
666198238826
990718091073
36
15
513304877301
770460355798
-14
40
955030442243
-39
-3
9
712279062332
608382187211
4
45
780429902618
28
512674502721
771794118799
-10
662614570977
-18
-40
567294889913
650969252105
622872539112
534632086229
-44
531513396084
720669514017
20
33
-2
741941543208
38
18
905989456022
954459824372
815536902913
762940273186
-16
780145015106
-35
712333405605
16
24
639047033154
-12
-31
-12
756951453065
-29
722567969452
813795169396
-10
-15
-9
816459020130
763421118697
-40
983360679011
820220777693
-1
14
12
877200915340
812627699626
0
32
2
18
18
539772312232
28
14
689125917594
-25
-32
10
661079227007
25
998120056842
881873995375
749429853981
730903696182
35
-2
-12
4
919267813567
624629127846
592072867117
-5
543542515645
831456017688
644192899150
41
946542787403
701493954555
-43
49
731027119949
-39
686823560828
752018777452
-50
600629399589
518442319957
-25
646676967673
563901245517
-28
885837305035
29
