10000
47
63279
-23
60941
67056
7
8
41
-47
-28
48
70483
29
5
64874
80332
92855
-10
75693
65069
68603
71819
55771
95561
4
-7
28
81084
60163
44
37
80737
-43
71197
32
48
99129
66172
74750
84494
7
-18
33
59187
96538
-46
3
18
51732
27
91629
-45
15
68923
78881
83525
-34
95971
14
-49
70807
-18
-33
71478
71231
63324
-13
87148
75843
23
52266
29
97328
-48
4
-49
14
5
77634
74641
83159
65239
-15
84993
12
-50
88826
36
78987
64368
14
65464
-5
37
62182
29
53860
72235
90729
-37
35
22
-45
81986
58567
52129
52958
81333
61211
81734
64270
45
4
79432
-37
59487
65908
-42
62405
78486
43
24
-47
-16
99370
77092
55349
79569
95585
77439
80840
15
24
-41
84909
16
-9
56018
-1
-23
78263
80372
64505
98244
-45
7
66438
47
47
54735
65046
63072
95736
25
81072
-29
53761
-18
19
-11
61375
-2
71514
-3
-28
57977
12
36
-15
93525
70509
-7
20
35
57789
85564
41
-42
80925
-8
-16
93675
56165
51080
97038
8
15
-2
-33
70319
0
-24
54029
91474
95910
61924
67260
-24
10
58065
70680
99096
77060
79583
41
70608
59465
73846
65721
21
5
-1
56055
1
-42
65287
14
-40
73750
23
0
27
33
59888
54530
79325
-38
89121
93696
37
-5
68185
63865
39
-40
-11
12
25
-34
69120
38
83279
97905
61554
37
-43
-33
91935
44
23
53727
-6
56470
18
86308
51880
-37
99164
72092
90506
-36
89958
8
81470
87587
93129
45
26
93922
25
64442
50813
87729
92211
-7
85980
21
59831
-35
50381
81389
41
-50
78092
83254
-33
61050
63171
98816
5
89008
21
18
89454
-42
35
53726
-21
54621
87033
61460
-19
81206
89538
-24
-13
76314
70470
27
58134
-7
77814
92298
14
18
93644
82585
57094
48
92189
83777
-40
72600
95931
-37
72834
20
93891
90427
6
89187
67609
-18
56001
83668
-25
92985
81549
7
-20
7
49
-45
85178
59525
90207
32
19
93513
80304
-36
94892
72799
-30
48
2
-16
-2
-39
95873
24
49
-27
-5
57897
58912
32
54473
-40
-38
59666
51020
76667
11
9
80049
73374
97666
66422
36
-5
4
94606
74986
29
76091
46
-29
-46
61749
-28
33
50493
37
22
-33
-50
-30
74171
93555
-27
64091
-44
68901
75456
68232
59578
87252
-8
11
87204
83636
50
-12
35
97753
53366
61058
30
87582
78886
52979
-23
14
-43
30
39
65820
18
74788
90673
80604
77087
47
83124
65359
83537
-46
26
97994
29
42
93431
-26
46
-39
99969
-26
-7
54642
52343
66509
-24
6
70321
-22
23
63962
70135
43
58331
8
-5
68358
-9
43
69682
-38
12
78819
59849
57533
52856
16
94093
61173
59828
54938
47
-18
-11
55533
37
51524
60318
59171
1
45
45
-21
50016
37
28
33
3
57771
-35
18
-50
-19
60556
25
-44
27
35
4
99634
62654
35
-24
-45
64190
89165
34
-14
85624
10
6
65409
20
26
-16
-11
24
91499
9
80155
78244
26
24
70232
30
88128
6
66461
-29
54327
-15
-42
77768
84621
75352
76562
-29
31
16
-20
58450
12
98307
6
99993
87283
-49
1
-29
1
66774
-1
56575
68724
59124
80606
-22
92913
1
25
84761
18
26
0
39
69326
78558
58721
62398
38
-24
87073
53187
71298
48
74730
56125
73166
11
53731
69264
-1
61854
10
52016
69470
83106
14
12
88885
30
-1
97023
87173
-27
57925
67658
4
-21
-46
-18
93161
-35
73662
46
39
81590
28
98913
61421
59526
-7
80275
97991
64424
42
77275
15
-6
59703
78563
75168
50
59326
52364
-19
-16
43
36
98416
92041
40
85672
59806
6
72932
50
91803
-9
38
-23
66093
-44
96177
51435
11
81428
61895
85423
-17
32
10
-22
72801
83190
28
-12
-6
57393
1
81297
95575
24
56947
65038
72928
12
78326
96356
55370
94410
7
69791
82785
17
-35
35
51472
74222
-18
82267
16
61574
20
78263
63088
-47
70110
28
70407
-31
82575
-13
-49
2
57090
2
61797
-48
30
53600
81968
28
78832
56785
24
13
-45
48
50530
59046
10
86605
-17
82329
94165
18
76661
36
39
69628
13
94177
92512
69227
98768
98577
76188
61806
-48
57118
-42
94592
49
75324
49
-37
-46
72921
60410
-14
14
-6
62975
0
60624
16
-8
98996
30
90629
15
81980
39
66610
-1
-26
1
86134
55568
85899
89762
81127
82733
51951
25
-37
71546
39
9
87148
29
82748
86871
50
83926
99884
32
78141
-43
-12
44
-19
99450
29
-7
11
86632
57312
69290
41
-37
93362
-1
64632
-7
83440
1
24
20
98470
87322
2
12
57232
78995
-40
64317
-50
90034
82674
26
21
31
-13
-28
85260
42
35
-21
85373
-43
65710
-37
-9
-45
-38
78349
63363
-33
66824
-6
70880
72240
93269
90370
-30
-23
85224
57495
78435
20
-20
53726
51748
50051
91532
26
53729
83364
76665
34
9
-2
71326
-35
38
-31
-48
-49
-33
77770
90906
-45
50
53469
-12
-5
-42
36
71858
21
22
88159
-3
50860
-28
61848
-29
84442
3
21
63974
28
73304
94164
83525
22
-21
31
-26
88090
85410
71651
50856
94101
73189
93179
18
55556
17
32
68753
99919
83663
-28
75781
99817
60302
-17
-46
56208
61541
77522
89303
62019
69931
54765
8
-24
46
49
-49
97350
-23
57824
-11
71478
65777
88901
69675
54592
91355
41
89245
-45
12
96539
90512
85725
-43
97807
74960
68816
0
95482
5
67896
58536
78073
78474
91218
77132
76863
43
65302
79274
36
93620
-14
-1
-45
12
45
-39
74167
-17
-43
94990
-14
-47
-28
12
48
4
19
48
-41
48
43
-1
18
-7
47
38
16
51241
95824
-28
36
63967
66568
13
20
79449
3
60654
75357
49
-13
-29
-2
49
-41
48
56991
92434
87081
74956
20
57523
34
-24
63657
31
6
-50
34
19
54352
-36
-9
63635
37
82445
44
63468
96822
95666
-38
44
39
59185
10
-42
-39
49
-48
43
5
76977
63299
-2
-9
-39
31
26
91917
29
46
43
54792
82146
94307
-41
24
61154
65513
-14
70823
22
-11
67479
66362
7
4
-5
63931
64707
0
73016
89228
-18
58424
24
59287
83750
17
-11
50
62086
76358
-24
13
10
62255
-17
-49
-36
-11
71487
-43
-21
83161
65370
-6
99390
81051
75579
58702
6
82221
94555
-45
65793
76484
34
58538
-26
74816
69055
-20
68254
87454
94539
84211
4
75254
72335
68326
93872
90085
-29
-10
32
61660
6
62129
88602
75369
41
92327
92459
26
83308
-44
-32
21
95567
88476
-40
32
-44
77473
46
15
-1
-17
-3
80125
94161
13
-12
7
-11
64420
74481
-34
74619
-3
62656
84520
39
76898
-29
14
-5
-11
83556
98887
-37
-7
19
61064
44
54450
52222
-23
72136
80058
67540
72069
86265
55722
67509
91233
72888
-10
76693
99496
20
55424
59937
-40
34
-48
-25
67868
-14
47
67009
71713
-4
0
42
30
54712
-13
9
95452
74543
-49
93946
79005
75984
15
88974
82775
76165
-14
-41
20
54779
48
34
-39
-33
75280
17
84046
80221
-33
58938
35
72475
11
-36
98580
68282
52489
26
72722
4
15
42
59738
39
75291
52719
28
11
88713
-19
77906
80033
18
29
-20
98803
68880
90508
52780
-23
58364
-50
93796
49
12
89906
17
-49
95761
36
50
-33
14
11
86496
54734
-37
-15
78814
53341
91838
-40
48
-4
52333
-26
62888
64306
9
2
68389
96431
90957
89832
51790
-23
86182
51201
77857
-49
-48
60582
60827
22
39
-6
61253
4
-35
55914
-28
7
45
4
99044
84298
32
-3
69807
-18
-47
19
56930
61478
73903
73944
93687
86701
67053
93888
95794
98745
17
-39
54650
80209
74976
71237
92373
63297
25
-16
28
76328
87371
80135
-49
52769
-2
49
82609
-35
62297
66851
75910
61730
20
65732
-10
52892
55983
23
94110
19
70667
58078
38
95224
76968
88512
14
85438
34
38
70726
4
-45
37
91245
24
86590
-11
-3
53988
-1
-48
97400
42
85847
-30
75680
73382
79251
12
54009
65493
59656
94198
84149
-49
75509
54890
99102
55831
88281
85921
23
81901
23
53219
84996
-4
74409
-28
88283
-25
52403
-33
-41
13
11
96258
40
83916
26
71469
70548
50032
-30
59098
82386
1
72382
68781
59695
50
-25
82759
94066
88482
42
55798
39
88793
58936
85873
98517
82493
97727
90980
86317
66874
-49
75791
21
64263
57072
45
91816
-33
-29
44
-17
-3
89138
68525
-5
23
12
50
90236
57377
83399
-49
94502
34
-2
-17
-36
-31
-1
1
27
37
-32
60032
5
57857
92916
10
-40
72287
-41
-48
90032
-6
86378
17
68156
83449
39
78834
41
14
76790
32
-32
88402
-28
-45
-46
54065
65485
-22
97344
86810
13
74668
4
84432
51432
-16
91093
-34
87926
86391
63643
27
65956
63556
-13
59308
-42
-11
52792
-15
-50
82040
67216
60183
63115
81798
54451
59261
11
65984
-15
35
54918
79563
56031
90413
62588
94467
53133
90296
94645
-48
33
74897
88610
-36
50549
28
98659
13
86729
-27
0
84050
87347
91299
56749
13
75531
73442
-34
77312
76057
20
51921
78472
-27
82094
65151
-25
64151
58765
83640
14
87580
-14
17
24
53776
69341
-49
85857
18
6
70392
-33
94938
-42
47
-41
47
-21
44
65248
39
32
77769
-35
72558
59523
-42
4
-5
91962
86206
94675
-4
37
94619
66495
-9
95029
63498
1
69009
16
95536
47
-10
-43
55791
15
50902
70526
46
-46
-30
-40
9
42
73356
19
84083
88538
-36
57558
-36
71103
75136
1
75143
50068
87127
-30
65350
72751
93219
89695
-48
89951
8
-28
54178
14
51216
-31
-24
59697
38
99265
94490
75654
3
61484
45
52501
50739
19
83712
-25
92617
25
90151
89589
90635
56718
82990
-36
-38
73838
69166
-2
19
13
-36
37
-11
-38
97435
-19
90069
10
63593
1
60398
98529
78845
28
97615
88785
74537
52799
-43
75331
38
-2
42
55631
93390
28
12
63100
50
-9
15
4
69216
79504
49
-38
53042
96350
45
69720
-36
-1
56294
65034
66993
64266
15
60840
-41
-10
61946
44
58570
68398
-18
99204
-27
67323
-1
75968
-23
3
42
-26
52830
81135
84203
96548
-28
83706
64678
64206
-32
46
66876
-15
68346
15
61455
7
51988
-10
-11
58693
40
74340
58662
17
15
50
63821
59775
71718
-39
55427
4
76852
-49
85822
92490
53195
74268
80173
53668
-13
55947
50670
15
87083
-14
-22
-9
65249
1
-29
77402
71794
69181
-21
82463
75750
98812
-49
4
56078
54644
24
-36
65951
52716
57995
52106
96848
92170
97321
59744
0
84910
88366
31
84984
-50
-18
55110
12
77704
-11
64097
19
68227
45
19
17
-2
69403
56567
-21
-24
-48
59029
60119
-30
73018
-17
-35
4
76490
94812
-34
-6
96102
15
36
-9
92282
50
13
49
96571
89103
31
-20
50568
15
83919
43
58077
84803
-50
23
80966
69658
14
-7
-24
66085
76891
73067
48
5
8
12
68864
77507
82127
67667
11
1
-1
-44
0
21
83117
-3
10
85793
91604
80902
87857
80854
52851
18
-24
62550
16
96696
53968
53727
81940
-13
90333
32
26
-5
-29
-22
-47
8
59465
48
39
74470
79272
55198
65960
54313
-22
-33
-50
65738
55448
-10
97392
92579
-50
-1
79822
63933
77297
59750
40
19
85938
8
24
-2
21
-2
55382
88612
77775
78555
-18
18
31
71319
58790
95532
58579
-10
-10
62874
93180
-13
-24
14
-42
19
43
77548
-38
62103
67302
71624
-28
-46
80592
96542
-8
-43
20
82200
-12
16
97598
65907
95608
26
-21
89028
-43
73182
5
94759
24
-22
78523
92063
77895
-16
52774
60050
25
-20
63930
-22
52848
-16
0
98665
85390
55194
22
-4
96966
98096
-34
58159
-40
41
-25
72147
72768
-5
-46
51218
74655
72556
-25
79006
-12
66128
56425
19
-25
63077
66141
54470
29
51282
4
0
94521
-32
-1
86503
70295
89642
30
85153
-39
50
-10
-10
77810
20
-30
94059
34
58497
54835
65106
92831
59847
95457
23
95038
62541
62484
45
-38
70010
97810
66219
7
64107
45
68871
75541
-7
32
55465
65757
-34
-37
11
-42
72770
68454
87588
-21
-2
78800
94225
58831
78070
3
77045
50097
-16
73332
57022
61481
97050
72225
94966
81878
-13
55314
74248
11
-31
-19
-6
-25
-10
6
20
-1
-47
56232
-21
60518
34
2
88512
60280
79678
43
-46
-33
64933
22
80965
-10
-39
92683
55473
93628
82754
28
-28
81831
5
77122
-15
20
-44
94073
-44
23
52110
66810
98911
47
31
2
-49
-46
92832
51301
-45
27
25
-18
-35
13
86174
50171
18
-46
-6
-20
18
61046
94147
72189
52055
68460
82256
25
-47
40
52253
-13
-35
52567
57193
55084
21
42
69574
-17
7
45
-16
23
59030
28
-6
70071
96738
1
61184
50
-10
-38
98857
10
78271
5
62259
-30
17
17
71258
1
38
-8
29
-30
50658
22
-28
42
-5
67680
51525
-1
-15
99167
-38
-34
-48
50743
45
90239
75961
82967
50681
-15
72735
-17
75864
87905
-35
48
-21
89048
7
86639
-26
-33
86353
23
-11
-47
-7
-40
4
84195
2
20
16
-32
91739
14
68198
11
42
66430
13
1
49
32
87475
99052
-15
-47
-48
70706
97632
63224
-37
-28
-12
-44
82338
-41
62014
90314
1
88475
2
24
98078
87825
-34
82282
-38
64875
-19
78644
74092
-2
-35
91174
19
-7
99782
88786
40
34
88931
32
98578
9
70256
89177
-12
84414
59895
98522
-15
-18
-37
-45
-16
8
55833
62553
26
-36
-41
-17
50534
38
42
-31
-13
57796
79519
0
78806
93702
59206
98135
-2
-36
-6
50277
59672
60636
64194
20
79151
-23
-19
43
5
79021
91179
50581
82122
97204
6
51746
-38
41
-4
66617
8
-24
76773
-45
-21
64581
48
45
-28
15
62421
83548
-40
-22
-37
-3
85766
79791
76622
93041
25
-43
50187
3
2
-46
-36
90365
32
-24
32
61494
70574
41
-32
-44
18
87143
37
96259
22
-28
52816
-15
-45
40
-22
-26
79360
88237
91982
17
80869
24
28
55822
83953
-5
-26
25
78412
90465
42
-16
81745
89979
84391
95025
29
26
-28
-33
-7
-38
-18
52221
50
77510
67586
30
92132
80029
-17
74568
8
75034
83034
50824
71301
45
58614
84011
62131
94190
89985
-22
41
-22
0
37
90272
33
72697
63023
97255
-16
2
49
10
58282
47
33
2
51560
55909
84631
28
67070
68287
7
-29
-2
11
57478
44
-36
63851
75256
-20
71375
-43
58004
-5
24
78578
65713
14
-5
97120
62543
95119
96191
-1
85291
-16
-44
14
-6
1
59929
79449
-37
54888
93652
62916
87910
43
-40
42
-19
86375
83093
32
-16
68225
96356
-50
-20
87984
86687
85539
-15
87155
50
58758
53889
70720
2
-29
58997
52638
72806
60128
-28
79092
28
89783
-27
36
74603
37
1
27
59438
10
92804
85994
59592
-6
10
83351
-8
68751
64995
-32
64554
70434
90856
-19
96889
-9
3
98921
67537
-11
66526
46
70004
82706
95991
-20
96798
-6
37
33
-45
-27
73614
98950
60708
49
20
95639
-45
7
75305
93288
11
75035
-49
35
87116
76276
-49
76121
-6
96545
-35
79627
-48
26
96411
50251
80522
-36
63012
86909
-27
92069
17
-35
44
-49
-4
97912
49
6
60829
-9
54953
-43
98170
87030
5
36
10
95121
50381
-34
96730
79637
62818
98213
-31
56217
5
93629
16
-38
13
-44
85294
76757
53151
64090
-3
-10
75147
67460
50
59399
84138
-34
-19
47
83683
-5
48
78273
18
15
65517
93116
83860
43
68912
34
22
-7
6
-15
-44
55190
75343
2
63448
60432
-44
23
72098
-46
-9
-32
85714
-42
45
61738
90024
77340
15
74540
94866
85741
11
7
44
56934
95242
6
92286
92704
75825
-13
0
-40
40
-32
-48
10
62372
46
2
76285
69723
-32
26
74952
96497
-28
81444
84122
-12
90500
-9
91485
62047
-49
8
53378
45
50826
-11
94839
99130
-39
24
-25
57291
-20
92603
-44
32
-15
-41
41
-19
73780
78134
76116
-10
-28
95817
-25
94871
15
77716
-33
3
18
85542
81141
64901
56299
21
88916
67998
74980
14
10
-40
13
92127
91740
86498
87088
-16
60567
-16
-44
46
78778
67154
6
15
29
75084
14
90164
-14
-23
46
91943
-44
-49
-50
25
67787
27
79656
-45
28
75313
68640
23
43
53480
-19
-48
32
-21
-23
77219
73449
87450
56050
52165
33
5
88130
-11
97008
56440
57363
-2
-7
80345
88432
16
-4
24
78677
-32
26
58950
27
64346
-43
-3
-45
-42
21
78618
78135
74141
10
60238
25
-13
52278
68741
25
96170
58201
-46
21
86491
74518
-12
88504
-13
98354
31
96268
69996
54163
-49
93503
61345
-5
-22
-45
53429
71424
25
0
42
69819
-40
24
80796
96057
73506
41
5
59727
91209
38
-22
-44
45
32
-18
-46
-5
62166
-39
60679
62705
18
-21
12
62524
11
86449
21
36
50390
-31
53139
90055
44
-21
88764
-28
78981
-50
-15
-38
-1
69619
34
41
82568
41
94507
63089
93982
-13
14
55089
78558
89501
88628
89822
65673
-49
58162
60297
40
87467
29
90799
69113
19
-12
-28
-6
28
49
-25
38
57952
85722
40
-2
-8
82466
52875
66667
63413
54226
32
93949
93971
-28
70491
50320
17
-21
18
62052
68704
56129
-3
1
65321
59908
87625
0
-43
23
76554
93026
40
39
13
96511
11
-41
54801
27
95470
95575
89026
66586
96726
75939
56091
-42
63177
-42
79617
-44
-19
38
47
-5
40
85199
-15
28
75595
-39
-9
25
-17
10
75856
43
85632
41
-33
72016
-9
55302
40
76494
63489
17
18
50971
-16
50494
70093
36
56291
68804
-5
97985
18
-10
0
-19
0
67870
50
78856
85230
-44
-39
0
-4
53769
89844
30
-44
82350
-33
-39
-49
59748
44
-45
85785
-15
91813
59179
48
55559
87887
83617
-34
97502
39
-14
62472
19
98034
73073
5
-6
-27
81619
63895
-12
-19
-37
86653
83382
57937
71098
57126
9
-9
-8
0
-32
64076
43
57965
79538
72213
58654
25
19
59713
4
-48
-40
44
20
-31
36
50
31
44
1
6
-2
62890
80075
67587
76721
34
60776
60004
84114
75468
-10
5
3
32
76477
1
-39
76272
47
70816
81603
98355
67195
61411
52356
-27
2
80685
73427
-23
-31
17
26
4
-29
-37
-46
1
47
12
-44
69717
74458
33
23
37
-27
89574
61331
59340
11
70863
41
70384
86650
33
53517
62166
10
-48
65146
28
8
90389
84531
63109
60431
50255
9
68183
4
11
41
68182
29
62690
20
89028
33
0
86517
-28
96309
98757
60424
26
93834
81282
30
73437
28
76373
17
73364
54224
34
-47
-48
60711
72432
-46
22
47
14
41
67666
-41
-33
24
-11
73436
23
61138
43
70446
-2
-1
47
-14
5
55724
57235
29
16
60605
77636
-16
43
-10
65023
88921
-23
89404
-22
53766
70468
-42
70301
81188
61680
28
54271
90372
67622
95378
-44
-44
-19
91228
6
92024
71337
96956
32
85991
58633
7
-21
-16
72599
99436
-3
59484
95050
-4
-12
94731
87736
45
58734
79910
97656
60127
91372
49
98767
98377
20
62484
-25
-30
45
88789
58649
64079
69350
20
18
57265
-50
89125
-21
-25
66484
66892
56470
58792
29
59376
86498
-48
79001
86620
-17
31
-24
-14
-3
38
57188
76854
41
98010
-1
-12
24
-50
72587
-40
-32
80254
-26
95372
-48
80347
-9
70758
0
15
5
74656
99311
-31
13
94461
94967
43
48
63342
84457
56180
86975
6
60173
11
93936
79634
0
-23
83386
82344
0
80589
-16
55763
-47
36
-48
64693
53840
-12
-15
1
65831
91777
-47
63642
94021
73844
68584
8
27
15
74686
91182
1
88164
-14
74945
34
92448
59062
-1
90257
16
42
21
74576
-42
92109
93798
89055
49
53604
29
-16
86128
40
69331
77563
50
-16
93207
62605
67073
17
-42
43
30
8
95086
96981
36
32
-6
-42
7
5
71918
30
62478
33
33
-46
42
-5
61074
-11
87027
62561
66269
53648
-27
-30
36
83883
89780
78783
72098
82036
17
28
91974
75670
-37
66830
-50
-13
39
-29
62578
57040
57125
74838
77394
85918
68904
14
53320
-17
82897
14
88514
14
87605
-19
56173
-45
34
94737
68885
7
-26
-32
57998
-30
-11
59030
94709
52151
85328
98297
0
64090
-8
30
95173
70872
52826
34
-17
-3
76616
65248
60733
81875
59124
86623
31
91243
-4
4
87216
83153
60305
56159
84500
50321
71760
11
59324
96840
72165
0
99429
54895
51439
77998
52250
49
96288
55722
66766
30
81126
16
22
50
87632
85748
85613
93105
-28
24
69240
79314
89417
3
-34
-47
-2
51110
-10
22
93818
87420
-35
-7
55249
50
-18
82219
23
-14
-19
87245
-28
25
99362
12
27
99047
65990
92422
62318
95208
15
31
61803
83190
-10
70692
94714
93910
72194
-11
0
-17
-14
65298
12
-33
-33
62670
12
-2
80032
88623
48
87379
-44
70414
81312
58221
-33
-50
76006
56798
72483
44
39
74692
-10
71270
88875
-32
-27
99449
7
96286
75053
-19
-25
-26
57435
-43
-21
89206
92248
15
64751
72613
82535
90303
50733
92277
97003
63673
-47
1
-28
60568
90800
84294
96578
61703
45
59946
88628
-7
-23
63690
66262
21
74982
15
58622
92486
21
12
-29
-17
83035
91011
42
-27
60115
93663
-46
71532
-16
78243
72732
14
-31
34
92929
52918
58149
26
98048
-34
-24
-46
95640
-24
29
72782
94947
-33
58699
59175
66893
-18
25
-15
85678
50672
88166
71870
58968
12
61587
56280
81589
58629
39
61112
-48
89407
61478
-44
57450
85719
24
59193
63390
-16
-44
34
69683
89848
96727
59472
-29
73309
-47
36
-46
-15
81336
34
56838
-47
-38
18
50
56105
31
67219
-2
40
50923
95725
77196
66722
95184
73594
42
-27
83195
-38
-3
-31
76274
61696
74454
0
46
96031
77147
80505
20
-37
14
68607
-22
82111
51915
15
99748
50720
-34
90851
42
90137
29
2
-36
-29
10
85351
36
85373
75319
33
42
-26
-13
-24
-27
-34
-20
-5
33
10
69782
67107
58388
79569
-18
70354
82560
-35
30
94565
15
76076
77938
83298
25
73041
25
63489
95174
-24
1
34
-23
14
-15
16
-17
29
75383
-44
-8
68280
3
64454
91339
37
91108
37
82832
44
-5
22
62106
31
57635
-11
71898
-49
75495
-11
61576
22
53837
71726
-24
-6
61174
39
-31
39
-35
-24
63792
50295
52015
61261
73334
19
14
35
75692
50149
70680
-46
9
97397
74385
93188
52375
69160
54228
56509
85174
-41
-5
-2
-13
79620
77173
29
88018
-20
89407
-18
82695
-24
84051
-42
68486
-36
65651
91340
97938
24
75703
83833
-39
87160
64410
39
80793
55857
25
4
97064
-30
70707
69161
93271
67518
41
-42
-26
89571
-1
31
69553
87561
79158
-33
17
78270
99545
-47
-7
74682
78920
72952
97525
52449
7
-15
82811
-25
94960
-22
50777
-33
69244
-39
-16
66420
50826
-48
33
-22
88707
3
38
0
8
22
-17
-48
97851
5
85934
-44
56607
-30
91172
64189
79392
57120
73949
-28
89861
22
-49
47
77597
83356
15
78926
15
91733
77555
-41
-38
-11
36
99406
19
59408
18
48
69946
99741
-18
72774
-43
-42
58067
64870
-3
91451
-23
50
53415
67551
76492
-22
14
-34
41
40
56110
9
-23
-29
-12
66149
-29
64299
79370
80690
90839
-39
50
74420
21
-16
-17
43
-15
82544
72672
33
46
37
59480
85015
46
62405
56926
-12
53683
67279
83137
48
-26
59783
35
32
4
63303
-13
50
54829
50
-38
45
48
73898
53410
31
-48
34
98548
47
-39
8
60613
60440
89539
-10
-45
73071
44
0
-48
12
92436
95485
-48
48
-21
18
3
55984
99133
-13
52946
28
90607
16
77422
42
65207
34
-31
81674
99080
19
86060
55381
20
78653
-15
-19
-38
98216
73720
3
81408
77949
91134
94000
48
69465
44
62078
-49
99310
59417
-32
43
92031
27
82695
-35
-9
62738
-9
8
-12
11
85693
70187
54633
95776
95292
58729
-46
1
64564
67415
38
79173
-31
81562
-44
-36
51885
81571
68359
79262
-35
76176
79480
97415
-33
67428
84443
78197
80403
85124
65139
73355
88349
73347
-38
88014
99542
73809
44
22
94768
81267
35
71011
-33
-12
-37
68881
65983
66553
-28
32
97527
77995
15
50
76716
96785
-10
-47
31
88722
91307
68481
19
-28
70840
86582
4
97341
14
62879
-41
77647
-41
-3
66983
61703
-5
8
69274
86049
53799
80283
26
68647
-36
40
79864
69976
82871
79134
-22
84267
51248
36
-38
93926
64674
78134
29
78015
-25
52466
40
-40
60304
64793
-38
77533
-28
63677
56656
48
79539
12
75856
-12
60386
-40
27
45
5
-17
9
79429
19
42
99689
27
80356
93820
-12
79486
81797
-18
65463
93920
98981
-6
56201
37
29
68140
15
97199
85590
1
21
80002
54957
16
27
93186
57995
63915
92052
-47
39
54462
16
18
-3
-29
50164
54957
-37
10
-47
-42
3
94319
-16
22
89466
18
-35
-12
4
-22
0
18
53365
67660
54155
73936
80556
91404
30
19
61521
5
50322
91424
80757
85621
53515
-34
85430
80228
60935
34
76539
97569
95876
75899
16
-35
46
71273
-18
93394
87761
50519
83194
71653
54313
79814
10
-9
41
0
85312
65569
-19
-13
95381
71684
21
31
57753
-3
-5
59741
-41
-25
99438
65020
65917
83843
90685
83940
99849
82736
36
99146
37
-47
64581
62775
-31
99414
95615
71830
26
-38
41
93897
74427
58947
92296
23
-50
-36
84387
91097
69286
93567
89361
4
86978
8
60082
98387
98482
80650
39
-21
-9
22
25
-33
8
-12
-36
71855
43
59086
80445
6
80656
-42
92346
67472
90169
-11
14
62121
-1
97560
6
77997
-18
7
72713
-35
52073
4
40
23
39
89131
-38
18
35
78780
31
95377
55859
49
89557
6
-25
-29
66810
50
88825
-18
97999
33
14
21
70836
-4
31
55587
74784
50
84742
93427
7
99322
90493
89845
69144
-10
-17
-6
50522
87506
-6
56777
-19
64749
-21
55688
76363
28
49
47
-7
68871
-10
35
56906
28
43
86455
-43
3
18
42
81278
48
18
50
32
56559
-11
84469
32
25
52558
12
63320
-50
67591
40
77340
-2
-23
-7
73073
-12
-3
2
53446
84298
75144
62570
19
19
-23
72235
41
-48
63812
39
77527
56757
73661
62404
-19
54329
52763
96942
-39
-9
-26
8
66063
32
-14
-33
71173
70462
50
21
41
22
91840
-38
-49
-20
63412
34
-17
38
76644
70826
59722
23
87452
42
77412
53722
52403
-13
96439
-12
-34
35
7
67227
92479
59655
-24
57018
-33
35
74364
23
-13
-5
-10
20
33
34
19
65988
96489
-1
54515
95391
-18
-45
7
83521
30
14
79023
-14
69294
94400
-3
57511
29
92654
93523
79700
24
77859
19
-27
97707
-31
76919
25
65694
17
4
-41
56960
-36
25
67418
52570
63199
-23
63938
62289
82268
29
46
68497
-46
63361
74736
80936
26
84529
96222
88564
79067
69216
-33
-39
-49
-13
98486
-16
66103
85195
36
93643
49
-15
11
55860
77904
-25
75593
90814
62734
72852
-1
50665
81330
98291
-44
0
50
68729
-12
12
-35
84784
-31
86167
70867
97633
79845
89521
-8
10
-14
88889
16
50925
-37
0
-43
88327
58635
-13
36
92203
-18
48
67132
-36
-2
-37
52009
70670
53963
67422
92083
61614
-8
28
2
37
91531
59929
-21
73323
-47
0
-27
97418
-20
82232
40
65205
40
-2
-1
-8
96290
50
40
83860
-28
78572
50285
96203
-21
-21
52215
7
70387
-5
-32
50057
4
74374
41
29
78691
-6
-20
-29
14
-30
57643
3
-7
-25
53576
-28
53616
73194
22
10
65724
66558
70137
81885
89002
74360
78228
88142
89963
77829
63078
84581
78901
65132
32
44
87386
42
58409
80287
91831
15
6
-2
-31
57021
15
79617
77747
55285
30
89610
84314
65635
40
70037
56913
85652
57964
97323
75227
64064
97763
-1
-3
15
50044
92967
-5
-11
79897
-15
12
73619
66043
94163
26
50818
55308
51832
98197
-3
-1
-40
22
18
94379
9
52291
91768
83372
46
83857
-34
20
11
94693
-37
-13
73954
56147
-8
-8
87815
35
90565
68971
-28
69345
64431
63929
60991
17
66287
96057
56898
-4
-36
68149
94844
66763
68824
32
83598
-30
78380
-19
-13
93001
51377
73918
44
46
-42
79222
30
-23
20
83838
-32
-10
-21
8
93165
84950
58681
74964
-36
-10
-43
64277
71459
22
74379
90755
-31
28
58462
60419
61189
3
1
87739
-24
88617
97008
63005
52438
98138
92291
66025
-24
-3
73955
-22
-41
63337
79889
64581
62509
68805
81715
7
36
65941
66097
55601
85520
59371
95061
57875
84368
66393
4
-40
94688
52658
68707
75664
59500
9
52151
78609
61506
29
77650
-49
4
73043
-28
85692
65856
25
-2
75605
28
-17
-17
90621
-13
-7
98456
63252
70949
78347
72209
66988
64438
15
-39
9
82948
31
-41
68858
59642
62869
-43
54454
14
82598
13
55011
63877
74027
87847
79082
57526
91816
57981
-6
79706
-2
90373
-12
73860
78480
33
1
71280
69796
8
51451
-4
-4
21
-16
-36
-29
54430
5
89282
39
98160
63078
65823
11
27
26
33
75539
36
38
-10
82388
-17
61025
-37
37
60469
40
77996
75561
75168
11
-2
-16
36
-5
78307
-17
90123
81411
-15
87527
-2
98223
16
91650
81307
-30
-24
39
62725
61585
78482
42
82416
98147
3
68367
53145
-28
74817
-22
8
95912
67915
45
0
4
86586
66632
97908
72576
98460
78692
90689
50486
80812
96488
82786
38
52200
83121
78838
58041
94254
6
62686
46
16
-22
96835
91679
-17
25
-10
90204
-25
38
71795
-49
51975
-41
21
52699
54558
2
71580
-15
55366
80718
17
74368
-10
73932
53719
92102
-33
-7
87255
-45
47
-6
74103
-32
58267
52552
5
4
-24
-8
96223
34
-31
65572
74976
88152
52087
97203
-22
-40
75747
87710
52841
-40
81289
32
58251
57172
10
15
89604
99834
79922
49
68670
81405
98571
12
-36
90494
-49
99313
-2
56843
65648
11
-29
87493
73093
21
-14
-11
55272
37
-49
69918
30
49
77166
63308
81138
-24
63225
30
13
96354
82353
25
42
81886
-44
60085
85636
25
57377
21
-45
83437
-25
43
97364
72742
-16
81803
45
92630
87408
60926
98792
-33
54723
-23
10
-23
-12
73702
67202
-13
0
97592
5
57013
-28
72390
-25
76209
-16
55355
-39
52046
13
-30
-38
61868
-9
-38
18
79656
-27
33
26
28
88114
49
42
64387
55252
-23
73978
-24
82312
-38
19
68292
-7
69817
48
2
-43
96632
55659
73382
93293
58695
-24
80120
70499
1
71477
-47
28
85691
17
18
-8
86913
31
-19
-15
86742
29
5
89147
34
29
80620
-8
2
54759
-49
72553
1
-22
66860
85420
79810
37
37
-31
86063
-29
10
64805
66811
89485
97533
77063
70515
15
96500
28
96662
75454
-32
64394
99762
59273
1
83226
6
28
-9
-24
36
82945
35
45
-10
27
-36
99518
94488
-19
34
19
70287
90325
-5
18
66958
63857
56082
32
31
69073
81028
17
54608
77307
-14
19
31
59428
83780
82503
93741
28
58336
99869
70249
47
84446
17
32
53274
11
87349
82374
51134
38
83971
64507
-6
62494
-30
70823
24
80996
80105
83028
63239
49
70319
31
57384
-18
-46
70919
95115
45
72942
34
68163
61034
80811
52473
74765
42
58611
11
-32
-38
11
23
-16
88449
27
-41
46
67617
68600
-17
-24
62364
-7
-21
12
7
56947
85651
58408
69858
-27
58894
62573
43
-20
-7
2
59003
96159
-13
80671
92355
69520
41
89465
89187
-21
60588
84830
33
-34
81953
76593
98676
18
46
93731
90474
40
-48
-16
71062
63889
-28
6
-32
-24
59608
93907
70763
40
92533
87239
45
24
-2
71182
-6
31
86308
3
-49
22
85046
73090
21
56824
62089
60920
58806
83006
-34
65910
71314
60140
80759
73744
53622
87086
80257
-36
40
62908
92434
62027
94238
94586
18
75506
26
-6
-37
21
99718
50
93370
-32
51619
-42
99481
89438
76619
60289
-24
81442
-37
94010
30
9
4
96641
30
82905
87155
43
85754
28
29
90965
60669
22
82341
-25
67895
87021
75326
52666
-3
-2
67625
-22
55050
-23
-4
49
-50
51642
18
88993
79846
-45
27
91776
25
17
11
52109
76622
23
73593
73370
7
28
-3
42
24
74870
7
99409
97075
30
69621
-22
44
86250
-23
-39
64590
26
27
93724
96824
20
-35
-7
-39
-6
70106
50820
29
16
73583
66382
66840
2
68371
-5
91093
-25
-26
-16
92408
24
89979
49
94692
83557
70669
71143
80511
35
6
67430
7
-8
80480
64368
-36
-17
54198
41
73935
31
36
59248
78365
65227
54756
79964
62295
-12
11
-29
5
52478
59273
-32
75842
-17
50094
94580
-40
75728
72511
78723
27
-49
7
81180
18
-13
-4
23
-25
33
85922
73755
43
71706
65515
78583
-14
79285
43
50209
65894
90590
63153
75467
96115
74350
90754
-26
62331
-6
-12
70158
92949
45
16
-7
-30
44
-24
69675
11
-23
-7
82272
91087
74197
-32
-32
69663
77470
51847
82022
-18
68852
78960
-30
-43
83655
22
22
14
71477
74016
87204
73767
-6
-34
-49
35
54101
-46
53985
-39
43
52929
-46
78396
98579
64216
66421
99306
95583
51553
50
52063
91757
14
5
1
75986
27
-15
-23
0
84221
54042
67318
62120
65716
45
87123
58591
-24
-36
20
69983
33
15
77951
13
68955
52747
-4
74672
37
74099
76926
74773
7
53454
71788
49
-27
-32
61938
80270
84141
83660
-5
-1
49
81649
-19
81728
53498
76836
78884
-11
84981
84005
71060
50749
79396
82308
50947
59670
-8
34
-34
77647
-16
3
13
88905
-29
74716
33
46
-7
-24
-22
29
51723
14
70250
-5
55301
76854
16
53147
23
50969
88863
71785
74027
11
-40
23
85891
52852
-47
-21
-45
6
51375
-26
79827
92712
37
-48
81975
-44
52492
1
6
54673
-49
69199
64266
75110
74140
29
5
93254
67592
28
47
99868
50342
77236
67011
31
93001
80495
-49
93953
98951
65295
33
65994
24
62083
94292
-7
17
-10
-38
88469
29
85413
91300
50067
85712
-10
19
49
69166
13
-1
98880
-36
95950
3
-46
97555
-43
40
41
-45
-34
28
81710
8
-41
68715
12
11
91485
86596
39
-16
91521
3
26
-38
-6
92907
-14
36
-3
6
93717
19
63700
5
8
9
-12
82710
85343
-10
87645
-16
78071
28
92146
-1
-11
-33
70778
92932
67621
28
54796
55168
-11
21
83060
88523
62400
55077
35
43
52134
0
-43
86840
45
67215
7
42
-36
-26
57831
79184
14
64963
90019
76095
78253
24
97950
25
89454
94554
22
-26
81396
25
-9
71911
22
-18
-20
-37
57633
75181
88136
29
73150
62980
0
-24
54415
96158
73292
-31
-21
58695
33
-19
97435
6
-18
57267
97966
74526
22
-5
19
-12
69522
-1
73687
82489
32
-14
68688
-31
32
55343
-13
59099
-42
42
93562
46
91778
56486
29
34
22
-14
55160
46
-21
-31
50
6
-50
2
-16
-5
63882
88190
66722
-18
31
93570
52212
78951
30
-22
80050
71876
11
98845
15
61457
95595
96165
-31
51429
-16
-15
13
23
-48
54124
15
24
95755
-6
94798
59444
1
91465
38
-49
13
-23
62597
94931
13
26
73524
93248
87462
77787
73326
-45
97524
28
77224
22
95153
60910
31
-7
4
-20
85612
54805
96403
52682
25
68305
92804
90079
-29
99537
69176
0
-4
30
37
86847
31
87854
54044
84777
-37
71381
98599
16
99832
55091
-21
69511
63786
66410
-7
66852
81525
54042
-49
70007
-15
-6
46
42
19
18
81838
59342
13
30
-36
58111
-44
48
57326
90986
-9
80721
-32
81845
99496
28
25
63121
-16
88506
78131
-30
90528
55496
75542
93539
93406
78212
78269
92282
61405
20
31
41
29
82382
6
-34
-38
8
2
-7
98672
-42
55188
92732
41
65124
0
53436
66680
7
3
51855
43
12
96999
-21
71644
83696
-15
45
94137
94199
-13
73054
86710
5
39
12
67936
-45
67756
33
22
61532
61961
-46
89131
55789
39
-37
97439
48
96254
30
-22
-12
60008
95461
11
-16
72441
-26
15
54683
41
66659
-22
75420
69088
57174
80514
35
-31
-12
57259
92671
56711
12
33
74675
5
93250
15
-13
40
99418
69771
-35
3
22
-20
42
80085
58509
64361
21
51917
-20
80755
72745
-28
17
71447
95477
97723
98544
82123
94124
34
82299
60119
95890
83180
45
-27
90430
-8
10
-42
68617
-22
13
23
65133
63668
99182
67374
44
66908
-21
25
-17
50
73155
55936
19
12
54031
75066
-13
65756
0
90073
-17
28
66490
77080
76108
58521
-16
-5
86480
94370
99415
62489
-47
50014
52780
89558
95576
41
65524
58983
80401
87257
98617
-48
90521
80827
80676
-15
54436
99574
30
-42
93717
92987
73184
79937
49
36
1
-19
21
-48
2
99437
-20
-44
91361
-1
-38
-15
91906
98441
93354
65842
9
-8
89999
-8
76946
64330
94078
99742
79191
64993
84578
5
-35
5
89522
54017
18
61519
47
56968
54409
6
96090
57324
98378
66015
-23
65132
75662
53600
73971
13
-7
73567
-47
-38
8
24
54373
12
-39
55920
57891
87208
-25
-24
72235
91177
-26
57041
-45
69081
48
84343
22
42
-2
88100
13
88073
-18
-38
84709
98557
-44
89178
39
56062
80561
18
-3
-18
78048
96823
69263
94211
83528
-23
99609
-42
-16
22
-29
87086
80297
82667
8
67170
69157
94129
60626
83055
6
81453
15
-41
76939
99255
66872
85896
40
78703
74022
-22
74234
-11
91883
5
99609
-6
77524
94662
-44
96095
90186
53800
-18
30
37
63724
-42
87900
24
-10
73704
52163
-29
-28
5
89474
91759
-2
-15
24
-42
4
-29
-37
77567
92958
-18
-45
38
94536
74694
58703
20
73023
80220
-17
0
77154
61976
6
-11
60849
30
65123
19
88872
72577
37
44
-18
-16
96891
70277
77554
50495
23
-26
-22
19
77786
37
-43
64465
62280
93427
-29
46
-21
19
-31
84675
93131
3
53430
41
20
34
73550
75769
-48
69627
-34
80474
90569
-38
-10
-39
86980
12
79793
-41
34
-45
71381
69824
36
97098
99371
-49
7
-8
41
24
22
83088
58700
74828
30
64041
59392
18
63267
61696
16
25
-30
81276
75146
89263
25
71808
0
-25
52400
96366
67360
12
57148
26
67334
54467
58938
-11
-22
17
-27
77752
-19
86524
98349
-45
16
76991
16
18
62017
20
-15
25
97817
85215
56709
54019
-47
4
-17
31
-18
-36
78569
-37
54487
-10
14
99423
84050
52048
3
-24
14
25
-48
95934
-1
85865
97659
53283
67125
19
21
86189
73207
78448
62928
-36
59800
82327
84134
-21
52760
0
-8
98512
61954
43
-49
50381
83144
64675
89882
38
14
16
-22
3
-27
53237
69442
52334
91259
-1
33
79892
20
67980
67396
-6
-39
-23
24
87171
58760
60747
71705
-24
10
-50
25
96027
64394
-47
54136
59172
-20
72782
93199
-29
29
79742
-11
87409
-34
-7
66585
99695
70357
87336
35
24
79699
-26
21
61479
-15
57336
-4
95990
63370
64468
-41
-18
59507
70694
62058
66500
-48
-5
15
20
-50
15
55211
-37
79294
77158
94469
40
87870
52548
95434
-13
92390
-9
76120
-10
86001
93935
1
92384
9
-16
-31
5
91383
-48
36
-23
91108
57858
-8
53639
-1
74870
-47
88799
58746
97165
87393
-8
82145
-17
71855
94118
-41
90720
63798
62247
16
78333
-12
97961
-25
-41
93397
26
-38
88898
90020
53403
-28
80116
89965
-11
27
55347
70292
63473
-42
75146
67300
75674
90597
75814
58689
49
63543
58718
50
45
-42
80409
-4
78934
94588
57705
95911
35
89232
69180
77895
97290
-30
27
-18
92873
93032
65118
86964
-21
15
54072
36
10
95879
42
78951
13
17
-39
-24
41
92002
94333
76168
90790
58552
-44
54012
10
75232
38
55405
89151
75295
94111
0
96013
32
17
81970
58452
52842
42
4
-21
27
-4
-36
83972
68647
56902
17
14
66333
50414
72998
60048
57689
73800
86816
87592
91948
68892
76985
42
48
-32
-22
-10
10
-5
59557
63731
48
97062
73565
66157
36
65875
-30
28
46
-29
32
9
52164
-48
61879
50
-31
76287
-45
70571
77448
-2
70249
90169
29
63164
61181
16
62954
53927
18
65055
72079
95161
82723
8
23
98971
71916
20
89701
-29
93348
32
-21
72408
18
-7
15
40
83701
59795
-32
12
79929
85357
52382
90527
-14
79723
-20
34
-33
62967
-13
73420
64605
84893
78274
-40
-18
53369
-46
67350
41
62987
89126
39
95804
89070
93713
70972
50
85331
-20
74297
2
83414
92576
15
48
21
74554
76886
95761
32
-20
73217
79087
76884
17
-38
-35
80751
97510
51684
44
27
-28
92170
-32
39
44
-45
-13
46
-22
53041
50813
64763
-19
20
86633
3
81065
-5
-29
24
-24
87816
-23
42
68447
30
97967
-50
12
78870
63424
57530
84747
73977
-44
99365
28
67597
79772
60283
22
73616
-10
53732
-10
56265
3
59472
97076
26
12
-25
-11
89878
5
-34
22
48
55068
18
93105
97049
-29
54812
63007
-30
93984
11
80804
64747
-47
-42
-9
37
76110
89496
89976
57041
49
76861
-20
78949
13
0
31
56377
33
-21
84402
85917
71605
23
5
96646
85010
19
64841
58468
80040
94045
-5
-8
66108
77952
62389
88231
34
76456
52033
7
95109
61425
-37
93367
-33
73102
-30
-48
-15
73015
39
40
90110
-36
-20
17
63369
-48
43
-13
-14
50
70985
33
55972
-49
89633
95289
73711
81847
75187
31
34
6
16
-50
77689
52701
-28
85943
94428
-21
-47
82523
84765
63911
60579
54006
94989
41
-17
76874
-29
76928
-18
6
51930
40
98150
91040
68234
49
68060
67711
83321
5
97331
39
82186
43
65565
80598
62468
9
-30
11
-29
23
85020
62414
73213
91219
34
48
-5
81860
-35
62551
98477
23
25
32
0
88435
-45
65189
-43
97768
60320
79358
72811
39
85728
-4
73126
52226
88472
46
65697
65272
0
31
93709
36
67386
85310
51585
-33
83594
51685
74813
86673
-25
93591
91607
98873
56813
69095
63101
60088
-46
-29
93230
19
17
42
90463
83582
-43
96966
83272
96762
99604
-27
0
86009
73868
-11
70407
44
62573
-26
67946
0
85664
-2
58607
-24
71119
89713
45
59931
62844
64934
90432
-4
6
59895
88147
80782
25
25
53180
-1
-44
40
-3
45
64815
70075
88923
42
75107
-39
71251
72217
77981
61498
78378
75866
78646
38
50224
98544
85065
-39
52037
58304
86150
86807
50
86545
0
75132
-22
48
-10
50747
-4
18
6
41
90998
73959
11
8
-41
89706
60445
-35
69751
21
-41
-7
18
93044
60541
-27
53646
59181
48
-40
54313
95327
-43
-47
69707
-21
96760
-48
53911
80929
64645
30
38
19
61677
32
62836
-3
59419
22
-40
52990
92389
88625
-35
-31
21
34
65556
-37
33
68375
27
52916
86529
80940
-20
-8
-26
20
84799
-30
27
93428
94611
-23
7
-45
94651
17
60711
-13
89613
63004
19
-43
77959
31
-46
67013
-4
-20
48
92284
-14
68300
55965
11
8
-16
75179
76139
-7
50
10
-34
51195
7
88654
59211
-44
89226
-47
56408
50819
-47
69927
52359
58838
81372
-19
58012
58486
-7
54143
6
8
94362
-41
90959
2
73693
84529
40
11
-46
-28
35
86452
26
-29
-22
80480
-37
-1
71666
-47
-27
-34
-16
75990
70747
68056
64800
-13
4
14
90225
60972
69954
-25
60982
96863
42
67431
59131
15
-41
-32
79568
13
62504
93866
-24
-37
41
-13
-23
-1
49
81937
60727
-29
39
77346
65722
15
97181
77911
-32
93270
50
84584
-24
63440
66998
87080
54780
-15
60215
-46
49
43
-30
68958
41
83783
90486
75317
74516
58217
95531
-47
65301
93759
-29
98573
20
54045
-43
89013
90100
70069
-45
-15
-7
-50
86458
70049
58741
69218
-41
54054
61766
50280
0
20
96943
91725
69749
53566
-30
70526
-20
20
23
-49
-31
47
-44
93183
87280
-11
88202
75734
84308
-15
-19
39
79409
-40
72925
80366
-47
73078
66305
-26
30
99661
-38
72416
68708
77985
-25
60464
-15
49
17
79361
-13
61463
60500
-5
86588
67692
99040
42
91129
84667
54073
98881
61708
99585
61365
35
-47
48
64429
-26
-46
22
49
-36
99560
96879
3
98689
4
55281
50
50504
75238
74609
-18
-24
-40
27
63048
75280
-43
77842
60723
-4
88534
93219
52781
76163
91052
90891
80593
16
-16
15
95367
-48
-34
-41
9
53050
0
17
77086
75351
-7
75693
18
67892
78749
15
-9
62073
65935
3
71535
16
19
-48
54534
2
73296
26
-9
-38
77768
19
83451
98738
77243
-44
-29
-33
73335
90809
17
35
27
75535
47
32
91245
-18
54063
-9
99962
-24
67702
-3
47
87921
60970
51592
5
74235
-14
66214
76223
86404
77714
-34
84434
70153
13
-11
51099
83602
75309
59327
92345
63596
70216
71488
15
-47
54106
-24
95078
64556
-7
29
-14
64063
-31
65958
2
80708
0
89393
98835
-36
0
-41
78423
-36
98940
-26
-41
1
86716
65031
74185
69185
-20
-4
94700
97404
-45
56660
59801
-8
90465
24
50724
25
59827
62962
55748
70240
-33
99929
51569
87100
74926
94964
54739
82477
36
-28
-44
28
-30
-25
30
50
51406
98866
66239
57823
20
40
44
-41
-40
18
73644
69508
75475
61057
-42
-42
5
-49
34
-41
-10
-20
20
-48
57398
29
64594
47
50
66342
73359
97122
65970
89150
64779
99413
-32
35
67504
-47
37
60817
23
50
92231
79635
16
68425
-10
78876
52194
78425
62063
60529
82231
85886
46
59719
57429
50
50
58914
58567
51878
97563
64768
-45
21
66066
77169
26
90259
-11
-17
54056
28
3
42
92971
-50
82255
8
61831
63924
-16
98531
-46
90548
85651
31
-23
2
61776
-30
86580
-1
-32
7
32
-8
88846
13
63524
88517
49
92586
11
-20
47
57343
95887
16
-34
91675
40
-43
-48
-46
-47
-13
-39
-30
15
89029
61734
50532
-22
59588
87622
-45
37
23
-37
57381
79355
53667
66938
87578
69763
61408
-43
-16
90463
-44
51599
78540
44
42
78768
52460
47
75500
76345
38
36
59188
37
2
-15
82157
48
48
8
-1
90479
82670
84531
72132
74818
70281
76089
96078
54130
-43
50045
50930
51170
15
56145
9
85946
80154
-37
57389
73594
72038
29
52340
27
-29
-32
-34
75119
66847
62630
-23
99747
-38
-45
78987
24
-3
-5
87443
-23
46
62501
-47
53349
34
82720
78025
56308
28
34
97859
19
91122
4
0
87470
91789
49
50
-16
79321
29
16
40
64710
55071
78301
85777
59079
50250
99009
66574
91400
6
27
71557
40
28
15
-19
74529
62108
44
51161
77337
99250
82698
96844
35
-22
87817
26
18
-10
55273
80635
50742
59277
12
68269
-1
81409
-31
59556
89913
72591
-21
58746
-18
88161
57030
14
91996
-43
51969
65397
27
45
-25
66294
75640
63048
72504
52634
16
-11
-33
93646
66114
39
89464
6
84817
58351
76259
-34
35
63834
77202
8
14
27
57554
94574
72295
39
99841
16
-47
50
71309
-7
73221
-12
50755
64256
74159
-37
4
6
75310
16
27
-9
-2
-5
-1
93866
24
79769
2
62906
-4
73934
52788
-50
6
0
56582
94409
69874
-10
-23
31
-19
77893
75819
-41
93969
-22
98030
-36
69705
-34
64897
46
66536
-35
12
-5
89004
-47
55669
93064
61884
-41
20
68717
-37
56209
58063
-36
-14
-17
46
22
92988
-1
-31
45
-9
31
86300
56113
-29
-4
95695
-16
55266
83078
92867
25
17
-17
11
65916
95272
67266
-37
-21
-49
93800
75151
78202
85221
81163
40
15
-46
60605
98836
7
56281
89533
-14
24
84336
49
93936
-48
94545
22
79924
-15
99400
-17
-33
63236
-48
-45
6
-36
84305
69985
66165
53997
53699
-27
69259
5
-10
68463
-17
57269
69745
60134
76655
12
59233
-18
62611
78568
25
-31
78355
-7
-7
63623
-2
18
-16
-20
18
50642
85642
-45
61254
64137
56210
60585
71638
-40
15
75818
55241
84711
54329
98359
69533
4
8
80784
8
7
-23
19
27
77639
-12
-8
-1
40
92240
70044
89302
74078
1
-40
-4
87340
-39
73507
96372
64309
86428
78268
-9
-33
5
-40
55454
-41
55324
71388
95424
8
38
-20
83167
77396
58434
60094
63648
12
56047
60166
25
99274
19
82745
57867
84287
54768
39
59642
62465
17
-33
71434
87009
36
43
-10
72258
96726
68967
-35
-10
45
66792
75705
-10
3
-39
37
99932
66265
87758
-38
61356
23
77871
83728
74755
74667
60231
-41
63000
73575
77923
94777
83592
45
69128
-46
49
51149
64623
74997
14
67851
80608
96162
4
48
1
22
28
-26
-45
91448
94550
83360
-35
79678
-30
-11
25
84525
5
49
-46
80013
-3
99182
30
2
25
-27
24
76657
96405
-27
60776
93726
-39
73387
42
73677
10
-45
6
87235
-14
-27
45
65960
-8
71563
-9
11
52467
85619
81314
29
-32
63718
35
87305
41
0
17
77484
-2
51545
-15
96146
0
9
56380
55191
-31
86502
99681
84623
-42
93270
94647
72583
64765
-34
63672
-12
96979
50553
26
-31
91613
71830
50569
74573
27
-35
92171
91906
1
93237
-31
36
-46
-28
70627
82087
19
-2
24
74271
-19
-13
98782
35
-34
83371
60298
-28
24
75046
-43
83729
42
71678
47
73283
50
94258
75867
56298
-19
22
97984
88368
-28
53392
57635
99099
74086
-18
25
94430
90384
53908
76155
19
99935
9
-48
98843
13
55645
52012
-17
99375
-49
-39
93466
71697
46
27
51979
-34
74799
56709
-6
25
82293
30
97262
55617
69278
-12
51604
76229
61051
60048
-34
83754
65413
74545
-11
67953
71289
87271
-10
-6
93749
71514
94463
-37
51157
50130
96042
38
63902
60585
65528
90274
29
-31
50
-47
52332
64510
33
97159
6
95435
82662
-19
15
33
9
-7
-38
-39
95940
75911
58854
88341
52021
51155
-12
-22
95674
89665
-3
92709
1
69756
-29
99275
58683
96922
90418
-34
92555
-19
38
52292
5
-11
32
56344
-8
-47
-27
-18
50297
-18
-44
9
89760
-13
83779
80125
59655
-33
74254
72944
19
93886
92516
75633
72656
-13
17
-17
-45
36
-3
24
-3
96223
53686
68639
35
-4
98629
82377
-50
-3
64551
71403
42
77795
25
64577
74320
66390
84252
98741
80100
37
-8
60226
60960
27
-30
53961
63491
88048
-19
93788
79401
65408
3
-25
69466
58835
98777
11
13
22
-25
93213
89099
80583
85804
40
6
-46
53831
94183
-31
6
-36
0
90001
51743
51130
92654
72851
73533
-2
95866
-50
96229
47
95587
69309
66118
54860
-18
94380
40
54223
55079
50
73403
2
82370
45
43
75431
69673
-17
91079
56087
65280
-29
-14
83643
-9
-37
-1
56102
73331
80781
86675
43
45
86180
50758
68197
14
19
30
5
34
92082
-13
53575
8
11
56756
-33
76232
-22
74624
80383
76774
-45
20
22
62554
95555
-36
68961
49
55507
-11
53796
-10
60256
28
-6
20
-9
90427
91623
70551
72936
6
1
55023
-16
75748
75874
65383
66526
89900
63233
-30
-20
83429
89373
-7
83323
-22
31
81945
93554
-17
96642
18
50
49
8
96015
66240
75843
54009
14
-1
57984
-34
-39
-48
30
33
-5
33
55435
69676
-24
57262
71756
14
5
-25
2
91859
75601
-34
16
56032
28
34
88569
65840
95650
5
-19
90023
25
57764
-4
-2
87330
-35
-37
29
51173
-46
-1
63618
78080
99305
14
-42
2
77308
-10
34
28
77058
83444
34
2
9
28
80181
80197
19
-21
-12
-8
-10
-10
45
12
4
6
-47
68615
56409
-11
74534
-6
69837
76122
99790
86721
92258
-39
64663
50
-34
83016
-28
-40
-18
56245
5
98514
-20
20
31
64590
70391
-11
78924
46
65415
58242
59452
79979
21
-38
43
-20
-4
33
41
83722
88301
59232
35
-30
-25
50146
-14
47
-37
74951
81358
-41
90656
61768
83111
84198
-9
93288
-41
78090
48
7
71606
84852
66195
79342
-5
-14
-19
77793
60518
94603
-24
97185
6
-48
93813
-4
4
66377
86972
57261
20
52828
57600
68723
82721
67460
55125
-12
23
68312
75111
-32
55249
80367
66908
52304
-26
-31
64524
68079
69300
-26
62979
11
67583
71107
91938
21
-41
78048
13
18
54218
-17
78000
-24
58365
-36
88491
38
87984
26
-8
-16
81855
82161
85376
53031
84762
-9
32
66126
78391
-3
21
25
76599
-18
55903
-42
93219
96673
49
80331
96051
44
83898
68117
10
-3
86397
-7
52421
90155
61524
17
-49
87518
7
82091
45
-3
66429
57168
94694
57855
-30
95902
79282
-12
-18
40
20
-18
1
28
99756
88866
63011
64833
56592
79973
60376
64325
79328
56481
84142
67008
40
2
-7
70854
34
-36
45
84306
85459
97643
-31
55913
55509
63373
79621
-42
26
75287
88207
-29
72758
45
60700
59373
-44
-46
-48
-3
38
50022
-47
-31
4
-16
56367
26
41
87984
22
-47
80392
69607
59605
59762
70213
-2
80896
88894
94661
-33
69949
66571
91425
77147
31
62617
26
-43
-12
-22
-29
39
85670
-4
-40
46
-34
74390
-18
-47
60088
-37
52335
13
94226
73101
-30
23
60168
65082
15
39
83642
61606
53339
47
27
87717
18
-50
58089
-22
38
77637
6
-18
-21
7
30
15
-12
86853
79784
29
-32
-40
94095
12
71177
35
-39
6
74906
2
17
41
72337
25
-50
44
94941
14
53491
50453
-40
28
61078
90589
76524
84723
26
-1
-29
80700
87423
-20
64037
60741
-11
82762
8
15
85337
-33
61176
92005
29
88633
10
41
-37
92122
78592
9
69916
83440
36
76543
-25
-8
-20
91033
16
-41
-7
31
65691
80728
-9
-50
83829
90808
80613
72967
-12
54775
50947
50617
91680
14
91746
54922
73759
-12
55187
68955
39
90479
53422
-21
93556
53924
47
82560
26
60249
51108
84870
45
18
86503
-24
77763
46
-27
-19
44
-34
61854
56852
57555
-47
13
68066
55201
6
38
-45
18
-6
9
-3
64533
-48
74659
70099
-22
50490
80426
58578
-18
51514
46
79645
95887
17
-35
-19
-18
-49
26
36
-13
54823
73808
18
-12
32
77041
37
-4
-4
-43
-18
78647
-43
41
99450
70339
52738
38
-20
51069
51989
21
-15
40
53454
-13
99902
91087
-42
53907
65213
-22
40
42
4
72209
23
59829
-30
90619
-47
-49
-35
78147
92082
55331
79782
74786
-41
-30
96561
-26
32
86686
96544
98801
39
16
70818
-25
43
57702
17
84721
-18
-21
68474
84459
-40
-32
83775
52697
-8
66108
74770
62871
11
-17
40
-44
-21
-12
18
85227
-38
67295
7
-36
62663
-38
66097
15
64302
82840
89378
45
-33
93103
21
76587
-9
86215
37
-9
88656
98316
-31
53265
88777
41
32
67460
67985
-20
-4
85466
58591
63659
-41
56081
55851
62300
77312
65058
-34
58043
-11
79125
3
63554
14
53477
86633
86322
98324
7
27
61700
85409
55391
35
-8
55776
52073
-16
4
8
67794
93325
-9
76674
94508
80117
63828
81244
1
55363
77318
-45
74860
-34
91361
70226
74818
34
86027
94346
58321
-9
55608
-34
98412
-35
22
36
-44
21
-39
-4
57489
-44
-12
15
32
52602
-7
37
50220
34
-40
93659
80359
-20
53227
56893
73097
-5
36
89383
75236
35
89745
48
-28
74339
10
35
85874
89718
37
-43
51180
44
-42
4
53324
46
16
81978
81717
-39
97315
31
35
55885
-34
93569
93759
21
-41
10
71917
61242
-5
79436
51222
73174
23
-36
43
94367
63815
-38
34
88409
38
68967
53414
37
-12
-32
-15
-26
-42
96113
58537
18
63106
0
-36
60677
78196
45
-32
63522
56646
80705
57285
50293
73296
82842
-9
20
85064
92706
-2
85394
80023
57721
32
72096
45
58015
49
6
56188
85667
21
83936
26
-23
90464
34
45
9
39
-19
89801
16
82780
25
23
-34
74189
-5
5
44
78055
83560
0
83997
32
-7
67525
32
59774
83029
2
28
-9
87825
52472
-21
15
82891
-45
85630
80033
48
55565
19
5
40
49
-5
41
-31
-21
-29
99656
50493
54277
15
53501
61058
23
42
56200
98079
-25
-49
86571
66928
-24
15
0
-41
64648
79568
15
-7
98310
-18
-43
64028
1
69568
22
68685
66232
36
1
50
-28
52190
99867
-47
59242
31
97001
39
-10
74070
-7
78533
91543
98950
-34
84984
95892
59040
67132
-39
-20
81275
73943
24
1
85961
83333
49
99436
26
-2
28
14
88017
76280
90571
47
63066
-16
51756
61315
99410
53622
97036
12
-39
76756
76827
67979
93645
81027
73369
-14
56009
50
22
50279
93584
95785
58521
62021
-12
14
70950
-28
44
58999
82768
58440
83943
63790
34
99809
-27
59553
80214
90920
98671
-3
30
-15
77082
-38
28
62078
66043
81292
-5
50411
-33
71147
-42
-4
-22
59817
37
80863
-31
-37
41
19
39
5
-31
49
-11
-47
-31
-35
54313
54050
58680
-2
63981
99940
-47
57781
78557
10
73274
13
4
3
43
67236
7
-46
75758
-28
80330
-24
83157
8
57371
53813
15
87432
-3
13
43
22
-33
-38
97149
67272
57316
99240
-1
65145
29
6
96936
-50
23
61705
24
63827
64982
-6
2
71649
75456
96198
-10
-39
77134
42
19
45
50
97880
82256
17
91781
74020
68492
87547
-29
52407
69145
73708
97532
-23
82910
-9
35
10
-44
1
44
95671
-7
46
86255
-17
19
10
51802
-29
-23
99892
65882
95825
34
51617
-16
