1000
864401314568
36
-40
13
-9
684194076072
12
-30
18
875788473861
926376823532
36
-7
19
541885416580
526447965993
-46
796961257167
636511019560
6
530713353043
594375962572
-47
-29
-22
7
-7
597464133517
979108776250
909273128276
-33
704627278199
986703866190
707780030391
-21
20
939223040614
590279101836
582361477850
694432141412
-48
-25
35
5
-10
996960561484
-6
673079970701
899736541999
555733229425
43
3
776892963104
849084725162
28
-10
46
728980383925
787937651308
-10
736735104406
780472761709
-4
-39
539241372483
25
932751241548
615507814517
7
26
47
-11
3
33
-40
759816577817
-29
-25
-41
-38
-5
-8
32
-49
541772072414
609568739806
11
-26
-35
977452743257
535515381846
-22
927923622695
649093546725
-10
6
-13
-16
-1
-4
20
777163381008
4
20
18
42
-11
795265183883
965767980666
735598578917
-49
949479386767
14
619870334190
816467848604
-2
19
-27
-36
-10
-47
50
773151665102
769928514360
18
648739283128
16
891983322239
855445310937
916919138571
568099703078
-30
4
41
-19
30
28
-21
-50
1
19
-48
-3
809482972495
48
907711011534
-21
636012074031
-47
983245169230
501969043569
-46
929371280995
854385017418
814939491217
570202869478
28
690909372777
642688771713
48
788024165125
751168389701
762733298380
29
554238773317
-43
29
819499020709
754056205996
-29
-16
663577202238
564428137485
-11
-11
591648886132
14
-8
988834405537
580437212012
770701579055
-2
849618600231
22
764501868629
768537297081
914832586325
7
14
925797129536
36
-24
782964028675
45
553731247436
-3
-50
50
512975245128
754984512480
26
970623635673
22
18
32
15
968488576262
-13
-30
-13
44
645311522398
40
809186236949
545957901428
-42
22
5
781179064761
20
804294099819
933513236969
24
646339532449
1
-47
522276970006
-7
-24
994385693391
50
876495619220
980604234710
8
564024245383
835514543436
-39
885264075437
805818482188
903327234031
678363093952
962324190956
-22
-2
623035416320
825321214073
641701697905
724440221287
-25
531715053010
-47
-30
858470379859
682062383484
4
546870389236
-29
43
-22
663973926591
-22
632818890687
36
12
894040188064
626270774703
27
589962930871
10
43
-13
794637673128
645321645917
-39
27
34
746939242952
934445704790
26
-16
-38
22
734439061563
809744758670
0
553129832919
674069448525
-27
645125946897
822716472950
637827118014
943601605953
48
-26
860663521200
-45
45
19
-5
614062208814
822381035909
50
15
46
903832666671
35
711947966719
8
-1
808162085902
721716743334
533506619048
-27
21
-47
657110993585
-41
-34
942619328065
12
-17
-18
941586842101
537575695919
636347036823
14
569980004516
779504046222
779917480940
21
843001436803
24
-13
770191602687
651592913048
971856484393
-36
-16
12
-37
632683537229
653884101416
-7
743592290402
26
-40
-32
-37
14
543507927917
737560016117
669054593286
-19
515185368011
-9
834563368225
23
-49
34
28
765421079347
-35
696675935944
788578159842
7
796376396137
863024370174
29
843181151016
648281639468
954751266871
916134554279
14
26
-40
-36
885403868578
50
-2
595233349721
906531827200
508186569971
569169107975
-14
36
949626259385
-47
926286612669
862248035041
8
-30
49
664547936774
22
-9
609703512516
663395908809
-38
687890426916
50
767290974571
20
40
-8
-1
-19
722270468771
787052393262
860423805339
942133870105
640909045407
33
644880440329
28
10
-23
850648016299
991777619206
-38
-6
891698304433
793830094490
47
968282579819
7
905072138326
-46
32
-30
733429817879
-21
597025439371
-23
607136822057
679508087254
614753615452
-36
611202207271
41
-3
892257832237
647543362851
668677219988
686399015483
966068615781
838729973976
10
966946187944
-2
566684213724
975974933560
884852059615
25
848119173595
3
-13
-19
14
995502237078
31
679531322871
-33
0
-36
19
821412958928
688891609093
47
-42
27
745544623879
855156577224
526347825720
-26
990219398101
892741749531
609654621830
739924750415
-18
42
897583049606
808443091162
873511596082
909418997427
603470219083
25
525134854264
-15
780627422180
743151752129
869149123164
-9
-29
-19
872819723878
563595234507
944840836500
666816445344
989472175133
-20
-24
3
614972268961
39
-15
13
968027772528
42
998607984995
983486807651
33
975516550202
-21
854448092158
506241917541
545503365196
-6
639068850141
-2
708611855965
7
898637005420
562243950826
838339301098
867735244661
-37
-48
-20
24
921699647437
13
715745286308
-50
726379222244
748950846720
1
503424990388
899047480233
994182392988
537204663144
578532539066
16
614630938458
4
-23
999717083011
-26
2
-16
-18
747748862638
669232769332
961386133167
-13
756565962206
4
42
821788782372
3
-45
653521949283
-22
17
24
686454177384
539470323693
951487153911
-37
729741276498
795714050274
743339290097
-11
17
-33
37
-9
709571091905
47
-39
797060546107
540746680360
-41
-23
663932689474
-10
665807186361
-39
712944189685
779857782926
598123974198
790786137634
945432254021
878224791397
821247369777
-37
677798794890
710323483942
-29
-20
772000782495
-36
997368858786
-6
25
-7
723756543683
546924421357
3
15
770806850136
-12
552844180134
8
38
535885213327
822216389569
902120120597
887006093011
837414380679
861284445669
-32
828412834218
41
-22
0
7
-21
-10
-41
883563500021
850298639018
882573716992
661700130395
612128443190
594521394745
997638504539
-42
608048629262
30
-27
-45
658141340079
741916039873
8
-16
816551614781
963057743097
-37
-48
-36
933896530614
-38
615461646922
-12
739694619901
956344064322
733004533062
789689581487
37
-34
794854302528
20
704012542020
-33
40
37
952329070713
710518599620
536828939400
42
44
750233316004
898405743354
23
642292287558
896885038504
14
-47
50
-6
742843367896
506895408492
0
36
644804543475
587617026167
49
13
782664922314
-47
783296381354
-34
23
25
-1
765676316705
906345422755
-49
39
22
836741512371
839844999915
513605586818
-18
562679114571
718773255797
625010973563
27
45
-18
595376645749
-14
47
623210767041
-42
990176899965
505159817511
902994295661
591790384636
584938170822
17
629741119360
-48
745108827807
928703560199
654530396085
937081761497
-21
736727588155
819352050385
507504447045
-28
5
653922473679
536174782156
746640404274
672437596135
615614710228
-45
535671833207
913565929466
975844111306
-23
-11
675006433010
20
877415707386
639798049856
18
581539506898
678331670706
993733532470
918309148375
-27
592275409902
717675971089
-41
606711137279
-39
-8
38
-45
998923820319
930895054662
927355385962
981659872984
786479843086
504493471889
-48
646223828301
838199825530
49
913939903950
20
571457574294
834661089785
707224511402
961261064090
21
716607748875
709466983148
705631970650
45
-13
44
23
701489305706
883537806145
33
653282693721
-18
25
645898298771
718113993171
49
770732032723
13
-18
695615904724
573551869079
-48
-30
788659981950
866976392941
897706086888
839146888819
511156235844
7
676027892344
712044046685
47
971624580385
874592263375
611320571142
802164811516
549875071187
516353298826
507023912628
-24
511040658555
588161042739
11
-12
793915942200
8
34
888725307696
635745136663
-45
-43
12
19
999969515482
0
2
552201803900
957475685246
649389586954
13
34
789306514716
-25
35
35
871527695549
511294369687
-1
506446990127
519462494219
550210090080
516809127292
572329929482
873043077307
-46
-29
541951092169
-12
-29
819732726703
686424138136
942596830952
-24
584307038495
891808658236
636415003199
775931848939
902795292922
20
-20
-45
767395941155
-17
850840902416
36
819712095899
42
-4
-42
595569811382
46
721453000610
797661845975
25
15
802634458684
28
2
30
16
42
636179197958
0
11
8
-6
-13
39
50
528934016524
934104419659
508912614594
795837799322
807139635056
-7
-48
745723269570
-23
1
-46
665546279275
693445838476
822006797106
535483720873
925338170213
-34
-13
-38
965502074489
904875942301
1
972593261730
25
-44
747660768715
-28
876005952347
4
41
49
48
-19
32
792210117069
-4
-49
-16
620668097695
24
748602652561
561162454311
621477791606
20
547220560131
799208085846
-49
23
22
-15
-18
568891781971
842428981709
638076133341
20
903359353934
5
869382302469
876747989658
786682683740
907513639264
816247637890
29
-36
33
50
-2
666183266780
828399989669
649402206721
-49
10
661255780165
34
19
629844237173
623400517647
50
551458952608
49
668877186396
-5
-9
-24
-25
850972500776
613315223347
620084812032
-37
804543906481
700470176985
575431546529
634188057232
619617532111
810946171758
19
873938811605
15
672822503289
568102191757
918144352618
596211915261
