10000
9694848
37
7199355
-3
5299572
6773031
5905238
-20
8767876
24
6
-21
6757324
-22
8241494
29
8688943
9358818
8572075
-17
44
47
29
5
-50
-45
7214756
5897726
5678627
6674011
7837244
8657227
24
35
23
5413105
9331339
5477070
-36
8502977
36
8221525
50
44
6730929
5130594
30
5351660
-20
6470063
-24
-49
20
41
-36
5786900
42
32
7544482
8356602
9349594
7524622
6
-44
7769896
9648968
7632551
-27
8688233
-27
-25
8891430
9271706
7041853
9003305
6882581
39
8697466
43
9930222
-4
12
6365690
7
5068447
7061858
-17
-10
-23
5765989
5004136
11
7891175
5813363
5483445
-10
15
-18
-22
5788421
50
-42
9861998
-23
13
5326754
5925799
-14
7197795
-38
7072887
8699418
8267998
6776951
8847519
37
20
7754006
-6
7361243
8494133
5779253
-8
-11
9423437
6986279
25
5977026
6546013
7007578
9478041
6805004
-45
33
8323333
5553914
48
-45
-5
5078907
-41
6199807
-29
5743699
-17
9
-28
-19
7979159
21
6935975
42
7560604
5594556
5305012
28
8268676
22
6502577
-14
7988500
16
6215326
44
12
26
5
6060821
6649769
8476239
9036088
8411961
7453366
7929523
-21
43
6542072
9647429
9719572
8290029
7
-45
9139354
-18
10
5298738
9109651
-3
6415134
-5
-15
16
7574137
6780734
3
23
5700660
42
4
46
7490190
-24
47
2
17
50
7175763
7681682
19
10
14
8597787
10
0
6750267
5668934
4
9683304
7090726
6498656
36
44
8416755
6079570
8141178
6097047
8258394
8165687
5
-21
5
-3
6155832
-50
6802237
-14
7
50
8052155
-25
6716758
5358287
5149871
-9
9092016
9461149
34
5356946
-16
9969854
12
5918370
16
8632735
-33
-40
5945828
-13
-30
7321926
20
9020328
42
6611279
15
5337279
39
6890002
5611217
25
-33
-11
9309513
8120626
49
7311273
6651997
-30
-18
9562195
23
-4
6273088
-12
6107836
5035473
9558401
6805742
18
7967366
7753916
9768705
5792139
7762248
6816414
9943099
-28
41
20
-42
6648563
6373940
-47
8915430
17
35
7891748
9532990
6923049
1
6545994
44
6176142
36
14
5
5717057
6598600
-42
9140844
5571863
9656099
7633570
12
5859008
5569803
9180736
8183389
13
39
5298610
9818658
13
7731201
8958967
39
8793613
9410794
28
7154305
41
6826090
7204060
7951328
7664762
9508791
8772173
6372556
42
-1
33
7287382
9799128
9323815
8281138
5449927
-35
9681415
5363738
-32
6130889
21
8012274
38
50
-20
15
20
5026785
5676063
8518014
34
-4
-21
9452518
6349360
7229134
5887065
24
9528208
5265374
8702374
5355924
28
4
47
-33
8274647
5368405
5056973
9631423
9666278
36
18
9070249
7711376
29
46
8260881
4
5462587
8294009
-41
-24
12
5166623
32
9093446
8040018
-35
20
-23
6
48
45
-11
47
-32
9265185
5793680
-21
9880683
42
31
29
42
5249784
49
2
5507306
36
9419434
9274142
7218843
-35
6378506
7042913
-13
8854968
14
8762224
5345837
6412418
-45
5988354
10
6379352
-16
7905250
7343959
9235273
6598035
-2
7690877
26
11
-44
8908290
7769759
-15
46
42
-3
-44
5358837
-13
5063259
-24
9059329
7126198
17
-10
9197113
-18
9521573
-22
46
9210885
-36
7087131
-50
-1
8720582
9202563
9658872
-39
8213804
6082660
8343680
9159131
36
5516084
-49
9700319
20
5286610
-33
5765886
7036257
21
-39
50
9061992
36
-12
5684505
7701228
8914629
8553737
-49
9889894
24
18
5491167
-3
9674214
-42
6152402
8791369
8295715
8905466
43
48
9578318
6422371
-14
-29
-33
-19
6
8645794
17
-48
-50
4
7039739
10
8963605
9111839
-37
-8
-24
-16
1
5918059
7336552
47
-10
5769227
7360787
7426353
7240521
7177944
8705523
6235929
-17
-49
17
-33
8218354
-18
11
7182825
-28
12
1
9999107
9762635
6206924
-22
5929461
-14
6181904
5363668
-31
8
-2
-50
0
-48
8461838
37
-43
5096674
50
6292169
6
39
-25
-15
7659630
34
13
9419814
6388741
8950514
-41
-1
-7
7136499
5761260
8349160
8638184
5507058
6291363
-47
17
-5
7532950
7406913
-47
5603220
8347395
-25
9454320
7815970
7985468
7293188
7665378
32
9559268
5353332
5517799
-7
7044274
-44
8923229
8439988
8363946
-50
-45
10
6252294
8609185
5540582
44
8495521
-15
-49
5794716
-33
44
9226703
11
-49
7793752
6469350
6538714
16
7151777
-23
-39
6213962
5280950
-26
-25
-38
8656571
8171053
9777318
8133583
6658224
5285054
5183350
8410594
9137950
-23
-47
6859186
-19
-44
-18
5997956
-50
-6
8999313
8
9191383
-26
5808807
5937581
-21
-1
15
6163132
5782519
6494729
17
-38
5427716
43
8229859
-33
8562121
8659810
50
-48
18
-5
50
0
9059869
10
1
8374535
40
-15
11
-27
9677832
8723848
35
5477654
-49
7455785
8901515
-31
17
5697452
5552176
5257641
9972355
9507528
6
7469705
8588649
28
19
27
9605449
-36
9085242
7251025
8311888
17
8151352
47
8591106
6353027
7349858
9891446
15
5437124
5878327
-28
7995610
7
8628530
-10
46
6924869
5237549
7501765
32
-37
8506435
-46
-13
6270962
38
19
8812129
9111669
9370140
-17
49
-47
-43
7409596
-33
14
-10
9005067
7146135
39
8448019
38
8304895
7386460
7522506
18
5567076
-25
9449561
48
9779552
4
7057879
0
17
23
5901132
-48
6809771
19
23
-21
27
8889096
6677599
6175130
34
-11
9780776
8749366
9315157
47
8
-22
40
7892900
-33
8619131
-19
14
8582152
8437596
8305610
8658723
-48
6752359
23
8257274
-4
28
9389704
-34
-27
7714615
-45
-4
6685068
8722521
6851667
7
9929647
5265405
-7
7
5534852
-36
9861996
0
9242475
-37
9392196
5471471
45
9573307
9993074
7243218
7446464
-14
46
9408823
6453656
-30
8451947
1
-1
40
-25
-50
46
-50
9090086
-23
0
6637253
-26
9
7710759
9520045
9689046
-10
-39
8264081
9535137
7757915
15
21
8928387
-20
7518239
6379331
6015630
-37
26
-16
8663205
8316492
6430283
-37
9294205
7062493
7102038
-44
8293143
8316627
5781167
6010919
-26
38
6711815
-46
9568456
8976390
6339469
5560573
7450617
9688975
-2
-44
-36
5304019
7452160
8670679
28
8495949
7564798
-46
5517481
15
8190624
10
6935809
-15
5327456
9921474
5425477
-45
11
6219340
-34
9362738
8753718
-16
-50
-5
46
-31
-21
18
5032754
14
-11
16
9075310
8
-26
7902097
7135148
50
10
9669319
9894434
-24
5263130
16
9566106
6466942
10
9915538
9324239
-29
45
6874954
9266639
5368028
6096599
6530113
8565751
6928841
-39
7371223
5569702
-32
8472966
5147089
8177985
5722678
6876935
9913989
17
6517430
9768375
40
5742227
48
6131386
-13
-4
-43
5402842
-38
7748101
7981913
-37
7175231
14
39
5095073
14
8335403
9323215
8595526
-1
30
-12
8290178
-18
9143872
23
-45
-44
6033931
-19
-36
18
7465724
9884429
8850975
6060194
7420793
27
-17
6238109
7312497
-9
9530085
7040519
-22
29
6982104
26
8852859
8193752
25
6460690
40
8340230
-38
49
8924086
-11
8585967
45
-40
9130503
25
28
-4
8882386
6318659
6872917
8526186
8402331
8791098
-42
-13
6258397
5409910
6790252
6328219
-9
-7
-3
6963542
5356060
8804597
-31
6272032
8391070
-6
45
5002129
-1
2
8701318
6664562
9035245
-7
9505511
8245105
2
43
48
7443657
6999991
45
5609205
30
9132117
-33
8988029
7561399
9615692
-9
-37
39
7876918
5712379
5
7650544
4
8239778
-33
-35
9410603
8652399
-22
5666909
5319045
0
9192761
9155367
16
-22
-31
48
7846096
33
21
9314406
5544532
8001550
43
8732340
-43
6612431
8687216
8855425
9598042
42
8506158
7166790
24
8653132
6116327
2
7621936
6600988
14
-46
6956776
6344118
-25
9852513
9747027
13
5224782
-11
-1
8963649
5750122
20
8206005
5476473
6374925
9860748
47
6665549
-9
-32
5459116
8887003
9579517
6366954
-5
5756976
5505161
-27
9910863
5629259
5963428
5731524
8917947
7998761
-29
8124465
7078800
8577586
-35
6587962
-8
18
8090106
-40
0
9351705
21
8144757
-38
-41
-10
7701709
31
-10
15
9901623
6653122
9
-16
7323114
-11
-17
5148110
-16
7177184
5213942
48
27
8554422
5284476
7592073
-19
5159866
8766941
25
-15
6606805
36
6404990
29
14
9043603
5372353
5063107
9571212
6125238
8923970
48
6358510
-49
34
-6
50
5096663
-11
5829787
7121544
-18
9188272
7566372
7723010
3
5307607
6528154
9438505
-33
-47
7036128
6726891
6788339
50
6842512
-28
-29
-13
-23
9533307
5520337
7001302
8752202
36
50
-34
32
8603687
5
0
6630551
9850926
6720435
7
34
22
9194395
5294920
-13
45
7702475
-31
-32
7413080
7091811
8801492
8613294
5828192
13
-36
-47
9523999
7112023
6965954
7
-11
6113899
38
8499540
-3
7925110
9732459
44
8172879
-32
5199709
-47
6021644
-48
5547470
43
9595197
8140780
8810747
9134237
8
9840697
18
-50
43
-20
9237681
28
5933274
32
7787680
0
5057246
9811285
48
9699766
6415517
-6
2
8531554
-17
8218526
16
5079030
6506382
-29
9813523
38
6448332
7
7298005
5085825
8391289
-41
6866406
5936495
9268988
5469516
-28
-21
23
5268379
16
5678755
8343364
6919190
45
50
3
7852780
-5
34
16
8051904
7794325
-38
-42
5037527
-37
50
-23
7145772
-42
7319090
8759431
30
-44
9928887
4
7914687
7385824
5967004
5782168
-28
4
6975125
36
17
6307594
-15
7111370
27
-11
9481332
8074853
16
-12
41
7056500
9738540
-48
-22
-41
6296481
-11
7002996
5725706
6
8466519
16
6309033
5715184
9051189
9558538
-16
9184965
9526584
6336997
26
46
-2
7664014
9077513
-27
-24
48
-47
5720842
6257943
33
21
7120768
6609426
6029559
6430622
19
7596033
40
-3
-49
9541229
-26
6740320
9731506
39
-32
21
-2
9988745
9248400
5447797
8684339
5775118
5889301
-24
0
5643552
8413423
6092780
8197898
8936981
-30
8890240
44
7417401
24
5247149
-34
49
-42
8274214
-8
40
-40
-46
-20
9730759
7511523
-2
-47
21
0
5829580
2
5704311
-6
7
35
49
9386257
8791026
50
8736516
42
9649317
0
29
-47
5
6234182
8363144
8837337
-7
-1
8784891
-8
9675779
5109644
9882202
47
31
9228258
8454942
-10
5477036
6247352
6779465
8830278
6428489
5736364
8102103
8882546
9076477
38
-22
9426875
49
-11
9083434
6705547
41
6113575
32
7720152
-50
5835501
9601168
15
25
45
15
11
6841598
-44
19
-40
-27
8412131
8856075
8728017
9572666
4
-27
6246889
9995649
6466565
-1
6967365
26
9070097
6032339
6237781
6597991
8232584
-29
-16
5465912
7469211
9011091
5778595
6023803
6371955
40
5463657
6208111
34
8930264
-45
6578388
6
47
4
7277694
-1
-13
6804630
-18
6866390
8035033
9377469
7351573
-34
9553474
-28
8527128
9452476
5613957
6718164
7756142
8901440
-10
8031939
7043911
-34
-36
7983588
9239488
5343410
-15
5930432
5781567
43
9519702
7
18
-48
7785073
-18
-29
-18
19
8773530
7
5488065
-26
9902634
-26
9473826
21
9107247
-40
6603187
0
8160902
37
8990751
8283716
23
7407067
42
19
7327685
-35
5486282
-5
6922962
6850117
29
-17
24
-10
21
6106909
-3
21
7916190
5363893
-6
5109473
-8
9121633
39
7
-5
11
-36
12
-8
6020381
9250444
28
-6
-4
9
9090639
-3
1
15
-7
32
7669355
-48
7311780
5957296
5
-43
-13
7937883
6781128
15
6354208
5672324
7211813
8764371
8667696
7162402
9125623
-41
9955278
7645831
-42
6
8590166
8449144
-1
-37
6434843
5070292
47
-23
7217402
-34
18
7419731
6329500
6107148
5169198
8012224
9
7834867
8437312
6205707
8397552
18
6903441
-46
5413526
8655155
-39
-29
37
1
-18
9234001
49
0
8258426
45
8923800
6768342
32
7364523
-48
7967587
5434180
0
-39
10
-20
9244207
-31
25
-1
-27
-16
9640124
8453202
28
7062711
8016324
-46
19
7792954
-47
8047516
7999893
38
9659727
-36
33
8244943
6028004
9747352
6354934
5690166
-12
18
6
7225470
8590084
7365584
6375632
5920467
9059532
-40
7173933
-45
6831668
-43
9976077
24
-44
7301384
6693828
7936698
50
31
8778488
-7
-39
6576708
-23
9565771
14
9192549
6231617
8712706
9884647
39
6606503
-49
-35
49
-47
8600884
9
8276945
6580264
43
8622577
9754928
22
8210867
9669524
34
-13
9238269
8746858
17
32
8538894
6599277
40
7302093
9089225
7338521
25
7471673
8593195
39
5023323
7206258
-1
5518518
5746724
7301482
7767990
44
5115457
7211342
11
5572258
7960180
7263052
9186282
6520214
15
9916436
7627439
6546648
-32
8119131
7610058
38
9093643
5583545
8546238
19
-11
-39
15
42
8735599
6335294
28
16
-7
6543426
-39
-42
6801742
7677669
48
7164330
-11
8348966
29
5858773
7918653
8495390
1
8977337
-44
-18
7845950
26
13
-8
7128963
9128295
23
-40
8556807
34
-18
7381723
7159622
7126988
7637948
6001506
-48
9517348
10
46
-21
7623937
7122958
9613657
11
-42
8574259
5929228
3
7528821
3
5898401
-10
8652253
6522632
-1
8512257
6017971
6294737
46
8
6453663
27
9672368
9018798
-14
48
-38
47
5686534
11
7963286
7799865
7810778
-10
37
-24
8618318
-19
9464779
-14
-33
35
7820875
9804861
5
8481099
-5
-12
5632083
5799372
26
6549831
8547749
10
-40
-11
-44
6756715
6765421
-11
-1
5864826
7833522
-41
-50
6181885
7027816
-32
43
-36
-28
9348499
18
41
5329025
5946894
8958525
0
-1
13
-41
7907389
5963039
-9
-49
-11
9876884
7237365
9417744
5735784
27
7245144
7461011
17
6085408
5326153
-4
9063464
8951277
-31
5514483
7102930
5427474
6005813
5541250
22
7840937
-9
-29
8985383
8034650
6889714
9003672
9107744
35
-3
8389302
-32
41
-28
6195597
38
-1
-4
-12
-49
35
7539365
5046053
-28
-21
7216750
-5
28
-10
6833659
9239508
8269433
-37
-11
5626673
21
6375503
-37
12
-50
6336444
-27
7498939
13
7475752
8784861
8
5557080
6175976
41
7032099
8666882
26
-24
5741308
7365194
7504710
5648791
9733518
7892757
8686491
8074679
5048795
8059065
6151007
9403459
-24
1
7324986
49
6951816
-1
50
16
9538828
-42
11
6333670
42
-14
9632733
41
-43
8119225
6431574
17
8672657
6848124
8029617
9747124
-9
-5
-27
-50
47
9186592
-49
-24
32
12
-33
7700626
-11
8445752
6651429
8592985
-29
25
5609930
5258938
8032229
48
8159875
14
20
9379128
5074981
5996029
9138130
6589927
23
6073778
42
7936942
33
9511588
6626345
-34
6538229
8781014
-11
-49
8298547
19
5254596
6877355
1
9188650
8723180
-20
28
34
7
5028775
-42
9530585
5223942
-4
6034012
2
-16
-8
7605361
6660869
9752284
11
8240189
9451555
-11
27
34
5299954
7492206
-27
6917739
-34
9954664
6244082
6427803
32
-18
5408028
5215603
7672673
22
6818467
-13
34
-36
8165527
-4
5230660
6587840
-5
50
-5
-33
7877877
-41
-10
-31
24
5675038
44
8051340
-5
7707344
29
6003325
27
-36
5364646
9932429
37
6113053
7234885
5245161
7075400
-44
14
10
0
14
5281710
-22
5
41
0
6643120
7453881
10
5234566
8337829
8802259
23
9555579
-43
6830315
9100635
26
46
8940354
-3
-2
9627252
-15
9468353
8971511
11
7665822
9407558
6254410
8655408
7805364
41
35
39
8339415
5202899
4
7717631
9145529
11
8967075
47
-42
5
7255637
7189715
9992281
28
3
-48
39
6456024
5239304
-15
-21
34
31
9456587
-6
5803847
25
2
9810513
27
5867487
-42
7450458
8172734
18
7164261
9045219
-24
8141554
5121309
-45
-35
-20
-1
11
-37
-43
5500915
25
24
6766166
6630029
-16
5482101
2
5053006
-49
-45
-41
-19
6862937
6842523
45
36
48
26
43
-11
-21
7352042
5318715
5482489
5390527
-19
3
8798813
8098043
17
-33
-12
39
-39
26
9788438
46
8868256
9262147
-28
-44
-10
-44
-14
-24
7209350
2
4
5822091
-30
8491218
7935824
6647285
9522095
9343932
17
-46
4
9306228
7109983
-45
29
5110093
-42
28
-20
48
-21
29
9715116
26
6891750
-1
-20
6310584
6723940
5320169
6076355
28
18
6826014
6762088
5942567
44
17
-40
18
9602391
7
35
9275104
9
-48
-49
-36
-16
-25
7061304
9143444
-17
6469479
8222919
9348388
-10
6468576
6933606
6174520
5779711
-39
5951724
-21
5099517
-41
7098332
24
5852541
-17
9597953
6086214
5164109
6717863
-2
6
-28
-44
41
8223268
3
7
5062726
36
5686946
5836178
1
9098048
8215343
9897537
-29
9081422
8876060
9948031
6350868
7610428
6665436
20
9128850
5830303
9383794
-42
9395948
5314926
20
8644682
8563859
6193053
-19
5151055
23
6794196
-19
5472690
25
6121131
9277103
7334792
23
31
1
6951762
5
-39
5519275
8705852
44
-39
7953334
-2
-19
30
44
5606156
8566058
9703041
6609359
9695827
5409087
6
7569135
-42
9804264
-23
34
37
-11
6911616
6677852
38
34
6179026
7934477
6896315
-5
-6
7881531
6274748
8891167
-25
9684290
6008020
42
7
-39
-29
6668218
5290129
6309658
5768193
7251230
7439092
-32
-7
7704876
-15
33
5
7318396
6216090
38
0
9112280
7
8931939
6867537
6809076
8241807
-6
8363447
4
6251112
8796043
6896353
-43
8734211
6974018
39
8909383
8993429
-32
7
9254988
44
9568667
6707782
32
42
7455133
7394619
-13
8486322
5
-43
6369712
7011761
8666735
9965068
5028275
8116252
-40
-30
6894443
9
8193054
-41
-7
3
8010932
-12
24
9135440
6
6219602
8554527
30
5001859
-37
44
-31
9743509
4
20
7778241
1
-24
7349998
5501010
5370731
8437164
5437148
9576531
5
6647891
8601180
6108481
5717884
46
34
40
8403254
6825100
8901778
-38
6032145
41
34
25
7427092
-30
-31
6551412
35
22
5520173
-34
8986168
9588432
-33
-49
8138056
30
8960434
9272941
-17
37
-26
8487112
8617689
8342866
9726025
45
6501550
40
9280467
7592786
8426978
5621496
6661486
48
-45
43
7101764
-41
-19
9854548
10
8623431
-11
6812048
9979856
9181786
14
15
40
19
9631159
-41
30
36
-15
23
6208881
-39
8886973
6613465
5806526
36
-24
6411272
-42
5275439
8
9488241
5939067
5405857
8857377
-33
5377099
8820239
-18
6439055
8259833
8955550
-12
-34
-11
30
-32
-13
-5
-17
27
6211646
-15
-39
7789737
-29
5153015
16
20
5966554
5858862
6438358
7107897
9028181
45
7425903
-16
-3
8758256
-2
9754973
44
-28
8448282
-20
-45
-40
9811804
-30
-29
9563424
5
-19
-47
50
45
8239676
49
-50
7549325
6175277
9093881
20
-11
9306417
11
7263109
40
-11
8218749
31
6883006
9261879
5673832
9766083
1
6517407
8936662
8118706
-25
6585839
5243668
-42
28
-25
-21
6947387
-31
31
40
7129315
45
8020078
6315724
-45
8915938
9152265
9795155
14
8241548
7719281
9002274
5803999
6711332
5
8151227
-43
8034194
1
9010251
-21
9917310
7442408
8065585
29
-2
15
-45
20
-37
33
5699630
14
-36
8407738
5104992
-38
43
8156062
-20
8618568
-23
6702119
6145633
9076214
8364548
-35
6260540
5068954
16
5691895
7148973
9700179
21
5647156
18
6782374
-7
8151889
8841707
-2
34
32
9358594
-37
8937168
-31
6974442
7097957
2
5681587
13
9967137
-39
7626564
32
8410437
-24
8284805
-50
49
5820264
36
9432794
6051789
8691359
5486494
-19
7868295
6297206
31
23
39
49
9265384
-10
7550687
6397871
42
6985246
21
-1
5541013
-30
-5
-21
7397332
-47
9697836
-3
-33
-28
7605767
22
9140106
10
5137492
9308944
6249637
-47
5967469
-10
8197560
43
-3
7
5357464
8475809
-45
35
20
-33
28
9405117
9467027
6510018
-43
-5
23
41
20
5066488
-39
9739530
-46
-9
-9
-25
9606934
-42
9344824
44
9581570
-42
-50
8310800
7257770
-35
5288048
8454185
5774023
6417542
-35
15
6430223
-46
28
1
4
9426041
9130411
4
6601266
39
47
5495734
16
5005777
-28
7394210
7096360
4
6615056
6125426
-41
-37
21
8089932
9784522
8570585
-47
36
7437201
5286549
6400469
19
-33
8773347
-31
36
6529139
7071310
-36
30
33
-47
9167758
-26
25
25
9193636
27
1
43
7476271
-23
-13
27
-23
5964310
7133477
14
50
-43
9227787
39
9653214
18
7101343
14
47
-15
8158519
7700286
-28
3
6557490
6593035
6838248
8731366
7258195
41
7115501
-5
-33
6765135
9007738
5155684
8022683
8119946
31
5316557
-5
-8
45
8304271
-15
-19
9158594
6503997
4
-2
7588846
48
5271288
25
-9
-6
9458348
7222122
47
6958537
5240734
-7
15
6681382
8572622
5504920
-3
43
8985712
8510105
-45
6036348
-22
9816910
8820386
7101931
-27
37
8526939
8162683
6927098
7949083
9093897
-33
-25
7203694
-45
35
8802369
7
-45
20
14
13
7913071
6816914
6880778
6676911
5376564
-38
6549644
42
5616055
-26
9815713
5072137
6385910
9
6740022
40
7780028
5703528
9915388
7710191
-27
6753675
-42
8214303
8086436
31
9273444
-18
45
7947039
-38
31
5469398
25
17
6462487
-10
37
6750747
8266806
7415489
-45
9391049
-40
-18
9
-31
-12
6311965
28
8152996
6219284
8354864
8859728
-34
6202206
8066860
45
-1
-13
-43
8797520
9686348
9746656
7046765
7078643
6176721
5680205
6312842
8288602
7501895
9632207
-3
8472920
12
-36
-15
-48
8208464
9134328
-30
-28
16
-14
8840371
-41
8442052
-3
7524198
5374947
13
8850405
-48
48
-9
-38
-43
7551251
7553169
7729891
47
28
5555971
5510191
5972843
45
8297053
20
6366697
-49
7577552
7756484
8066135
8644513
19
9811215
-41
0
13
-32
-1
9600183
7970590
41
9771960
-46
22
-10
15
48
30
9802307
5378356
-31
7386881
-27
-10
-29
5267248
6147997
6252902
47
9706100
32
26
6770659
7556961
-42
-28
47
18
48
9292863
9323478
-11
8590222
5530405
8500312
7722576
-23
7498679
7956934
1
36
3
-8
9094303
8419735
29
9502383
-14
-41
8130154
5363785
-9
45
-27
31
11
-40
-25
9195214
-40
9195967
9346083
5828709
-49
-34
31
6819772
-36
5443012
-34
18
9451818
-21
-5
10
8413183
5907567
8813253
50
12
6
8885988
36
5852027
3
6317113
5021968
24
8386393
5477144
9888251
8157611
-14
0
4
5654189
7260285
2
6035443
6414547
-37
-47
-33
-13
6355279
8116886
34
12
-29
-44
-31
-21
-44
15
-20
11
-17
27
5382779
7290212
20
6167983
-47
7422197
-21
6582607
6461984
7568949
2
7990041
15
44
7162638
7476865
-46
-33
5944860
16
-34
19
6041641
5546791
8115350
-39
41
6893607
29
-38
5920168
18
9649334
5
9092838
-16
8992155
5105779
41
-30
34
39
43
30
-28
7441990
37
5824403
-16
-44
39
-44
6802512
7076043
6610103
8389963
6685944
5839642
40
7828554
8701769
8709611
33
-49
-9
-7
6628814
7891668
-49
27
6127259
-18
5610341
-15
5966926
-39
8346407
1
25
-6
42
9395123
39
5625667
6151735
40
5354484
-6
8304726
-26
9366637
29
-2
9694199
18
6225923
-21
7785384
19
6936966
6
42
8083778
6014475
5450206
-43
0
14
7533040
-1
5288437
46
-24
17
5833253
19
-13
9750906
5220632
4
-49
5345568
8710441
17
42
7609548
-48
7
27
8940054
5634002
6983192
-16
26
6373057
-14
8300013
5286649
7597875
6789636
41
35
32
9316510
8339731
5500132
6227779
5388095
1
26
15
-46
5801996
-31
6162134
10
5466699
5
-41
-32
-30
17
-33
8150062
6
-29
1
7636036
15
5774451
5674133
7527375
7045946
5249980
-2
22
9295189
9900339
34
5351162
32
42
7192935
-44
29
-24
-1
-15
-39
-49
-38
-34
-31
49
-11
45
8696366
5105591
8016662
-15
-44
9007420
6193552
-45
8869188
5687393
9443088
-35
20
21
8618432
36
8168117
9460782
8008993
5635616
9559930
9291628
-2
6481773
15
12
9724418
6212477
6991179
25
18
-47
49
8843002
5215642
47
-7
-40
4
8815270
32
7254047
8862160
6402992
9579457
9694426
10
16
-32
9532574
14
7525801
-12
7314161
9830701
42
12
7650465
-22
24
9390245
6665380
36
1
49
-20
49
6607834
6733572
9434302
-15
6092676
8963582
6
9974487
8577731
20
3
6354926
9
-37
-16
6318183
-7
-33
-44
-30
-12
-41
6236074
5613438
7840214
-21
1
7229541
23
6087709
8503225
8364768
7770528
-38
6678730
6471327
20
-24
30
-37
20
19
26
-40
8195399
-44
6365185
5439096
8193918
36
8441275
-7
29
8090679
9020464
-8
7943860
6083882
38
8641429
8658062
7726653
6492519
-1
9
7842867
6573053
7934801
6260773
-2
7635613
-21
7459683
8467218
-43
-18
8454146
-37
5272603
-16
2
22
7168094
22
9711330
26
7459718
5054946
-17
7303826
38
9358469
5381437
8320205
8332061
9600070
29
7418180
5152944
6907408
7723919
8288830
5885731
8571740
7718351
5361800
5032072
6099657
8745764
-45
5763621
-14
7671649
5994735
-16
6290497
-35
5245898
-5
-12
-23
7502820
5365642
1
8818594
8342085
5
9803456
6709772
-29
5095112
40
33
5223867
7416817
6521252
13
6784976
-24
5772050
-3
5316487
22
5711284
6946316
9683009
-4
-22
6926003
5063477
3
14
4
50
-18
-24
-27
9058924
38
6553184
24
7255093
8130749
45
-28
6303431
-33
9865897
-41
8421036
-42
-40
14
-22
5102516
6466324
5
-3
-48
9919365
8196950
7465875
5175585
7549571
25
-43
8293197
15
5626252
39
7
35
31
8793227
-42
-36
6284135
43
-22
7205058
9668234
-48
8816304
9974968
32
9299886
48
-15
2
-49
41
8066345
48
8474894
5315775
6305085
47
5094704
6144179
37
6
6234230
-28
9546230
21
38
11
11
5897931
-22
6800296
7953213
7109019
16
7539256
34
8398921
5441265
17
8263487
-34
5572601
5457712
7794329
9711758
7333785
37
6457276
5428714
6089152
9561469
-16
6469263
-23
9979425
48
-29
9363021
-1
5188623
8601387
41
-25
22
9834962
29
26
9936991
9269592
-44
9038376
5333139
12
43
-38
-18
8576190
8988922
-32
7452500
9495942
8712783
8810037
7986815
7115336
-21
6659784
5500228
9460864
5856803
5568957
8156410
6692797
9244708
16
7890719
6319073
6475110
45
-47
8582317
7750402
9134837
9768999
7223915
15
-41
7569721
8830078
5024038
41
-22
-48
9295766
0
-9
-18
-34
4
-4
-19
-31
7016844
8583538
8745573
8933232
-17
9367729
9755925
-36
47
-15
32
9357892
7115355
6460238
9905473
4
49
5345965
7777127
6545441
9081285
9378025
5202956
5579849
9509482
-29
5273233
-17
41
6092965
8115430
9793917
5502398
-36
-17
9413257
0
6735001
6446156
8157411
5917522
50
6696257
7123074
-7
18
-28
6804542
5779476
6103684
5312107
-17
-5
36
2
26
10
-32
8792238
-1
8033942
34
6222841
5345300
7034439
3
9488341
1
-10
8944046
-47
9565116
7553592
-37
6119533
5741082
9281777
-5
4
-36
7670987
6836395
8555218
42
5
7929754
7777247
-44
-47
6
6930545
9924905
6954941
44
6043172
6209891
-16
5513243
7532167
-6
6974531
14
-50
-44
9180737
-14
8813578
25
6
5889233
2
-41
7444207
-34
6
12
8446641
9446998
6022036
29
-34
9024911
-9
5092786
-39
5894850
8782923
5036449
9770766
-36
5788991
6455564
5262173
-13
-24
6206840
7802072
-30
-22
6130432
2
-14
37
1
27
44
9178247
10
7889969
7118785
5531929
5661595
33
-26
8400006
6770040
5552171
6606550
7803041
39
6
23
-48
37
-32
7887455
8548768
15
-49
-8
7462731
-19
9969700
6866159
-22
6191485
-47
9128742
-6
2
7797450
33
6526313
6605612
-19
9779412
-43
15
9076159
34
-20
-16
9409198
20
5144685
3
8182108
24
-32
-48
-19
4
27
-6
8693574
9410309
29
8
5586338
9341297
6058301
-24
9145679
5559788
-16
8740502
9128800
16
-34
8
6748388
6557344
31
9855882
9888418
5598208
-24
9485944
-32
8595892
-28
29
7589107
22
42
8482223
10
7287122
23
7648569
-41
47
-33
-22
26
-12
6251248
9149534
9419797
-41
42
25
5877183
6514492
50
-12
6804453
9936265
22
5977289
7523866
-41
13
9746359
35
5403579
6068966
6346317
5711572
5920823
6478935
5665750
5070803
7297162
16
0
-48
9739884
6547119
-11
7
23
6985736
-30
7980250
-20
6168820
5950950
8855034
25
-43
-10
7844912
5332798
5179029
30
6972320
32
-29
8352068
5253434
-10
-47
15
-13
7285037
5172407
-43
8343584
8702551
34
6111270
40
19
9591898
9130272
33
6856694
47
5525606
-19
8904742
-38
9185039
0
-17
8762697
7356031
17
-50
7082024
40
8375841
5430818
24
6052382
42
9805945
22
6111119
9438042
5695737
-46
9
-16
26
7788502
8551656
36
-22
7797540
-41
5229155
5732542
-30
8063733
8757446
8634148
7682781
6396778
6076313
7
29
-18
-50
-26
5
7991482
8204375
5035787
43
21
9932953
14
6155877
42
43
-40
-20
-28
9552311
25
7656799
8046428
7396752
5517670
6081925
-50
8810525
46
7
8578863
8769586
6567706
-35
9279014
34
6846357
1
5676498
5611723
-33
-28
-26
14
15
-16
-24
-34
29
8
-19
9313750
-32
14
5929652
-44
7354468
5664477
20
0
7450471
24
-6
-49
7880558
24
-29
7324013
5517410
-4
5716941
26
8114827
49
8
6104390
7911484
7042681
-45
7341379
25
-40
6422348
43
-49
5993822
9007962
-12
-21
6498348
6399694
-38
50
44
-17
5517096
24
6792429
8559787
14
7886897
8865255
-18
-18
40
5529472
-38
6619740
5438965
7865969
-9
-4
29
37
-2
9873441
19
-13
7950838
-29
50
7140459
9242981
5936063
-18
8186937
-29
-35
-18
6044790
9139653
34
7695729
13
-5
5435676
22
32
12
5373580
5024495
34
-5
8069696
-9
-1
12
-10
7454354
8539217
26
-27
9634460
48
7428370
30
9219888
-1
8628709
8269349
29
-11
8557868
8984418
24
7972356
15
19
-47
-23
-45
6181820
-13
-48
29
23
9468562
7085651
-30
9775069
8288975
-35
-45
8022934
-29
-17
9740251
-48
6809636
6533043
8911213
-48
-47
7362776
8229158
-25
8856050
7034551
17
8176827
-34
7011388
6201018
18
6520520
5365121
15
8484156
5095940
37
9936955
-38
23
-9
-1
8446886
-46
-30
-13
46
6242017
-36
5757804
-5
5442125
-1
-39
19
9786336
5929979
-27
8617752
7706891
32
-47
5302003
7572730
50
-22
8011123
5360552
6992855
-31
-6
-18
-23
-12
6163955
17
7210838
-47
9862034
7665383
9473704
5023966
-16
34
5430966
11
49
9217347
43
4
9430342
7789284
9098901
7067846
5953718
7573691
-34
7081625
-45
19
-8
3
7959143
7824952
13
45
8683673
45
-31
28
-38
34
6151975
8655450
9829354
6601770
-29
-24
34
8916254
28
46
-43
-36
39
9174024
8
42
7156480
7749250
25
-40
26
37
6923990
8064773
-37
1
4
12
-37
9043509
15
-17
7200709
29
8618813
8121299
3
-40
28
-48
7774873
-12
7362896
32
49
9792777
7261415
-14
6117352
15
8784764
-16
5527911
9766983
41
33
38
7242306
7333071
30
8218331
9813074
5649181
8081035
6
24
-42
-41
-22
46
7183246
-30
8232836
6886706
8884222
8282007
7236519
41
-10
37
6839231
6118056
-7
7615736
-6
5959449
37
-25
5204717
16
5276917
8179354
-4
31
5038046
7070020
-28
-46
-21
12
29
5485933
10
7565759
11
6317785
5822485
6023385
5138267
-42
1
7234959
7713329
48
36
22
37
-22
-28
9900005
50
7788889
6223407
32
1
6301353
6757577
12
5749766
7742370
5340242
-10
15
8
22
-8
6673294
-34
-21
16
7
43
5
42
14
9305436
6888222
8
23
5756457
8061561
-38
-19
6950699
6993334
-11
8409577
-24
5864984
-28
9682543
9866180
9188328
7491549
-20
14
5448202
-8
20
-47
-21
9944473
9391239
25
9342632
6444284
7
0
-41
6286208
8398899
7386912
-13
8796499
7779361
-4
-9
-30
48
12
6258033
14
9630373
6571863
5148695
21
6745620
5162212
-38
13
7853884
-37
7871319
7059942
22
41
6839204
6223274
5646824
20
8276234
24
9683644
45
21
14
21
8761708
5012454
6358933
7827353
44
-37
5824121
20
8523568
6958243
-46
-7
37
5674832
8427103
-2
9676629
7
26
6702390
8042279
-3
7158112
9
-17
8763377
8312194
5257964
33
9228458
22
9929543
-23
6783071
9377001
-48
6783226
8
33
9486220
32
-33
8110085
5
7272853
-40
32
-15
-16
-9
-7
41
9290741
5890927
-12
7739666
30
32
7497411
6583812
-44
7413950
-12
5977405
7986608
9303052
43
9070905
-1
-49
6683637
7873214
6865983
8940200
4
7268898
6291368
8477688
0
8844099
5876019
9977380
5755659
28
6573848
-2
8710458
7157055
8729209
6964860
7376904
28
-48
39
5591500
6535806
6357486
49
49
6767959
34
26
27
9030886
9607302
6473263
5252824
-29
-46
15
5792687
-16
-7
46
5841709
5617471
8104547
-15
34
8638476
8567513
7536836
7073199
-2
8389066
9549805
13
9024594
45
-49
41
10
-49
8145391
8421231
7005375
-26
5087980
8115522
28
-28
-4
9080388
5241337
15
-47
7041909
5537361
5943606
8197000
17
2
-43
15
30
18
-37
9691286
-25
-43
43
5194046
5
7100573
8754043
6187477
23
11
11
11
9656420
12
6482974
-25
31
-24
7124116
-28
8464081
50
8217443
6466934
-26
21
8259432
7047317
20
6056153
9207542
7230088
40
18
-19
7784801
-26
-49
-49
10
6619049
38
9687861
6079786
48
24
-35
-44
-48
6498051
9159446
5064518
-29
9419267
7954046
7679520
48
8958008
9005494
-42
9778529
7667049
5634579
6114087
12
-27
9004173
29
6586996
-46
-34
-10
7914358
9888833
6360174
5093842
8713816
-11
5284397
6016041
9468452
5103187
6624428
-10
-45
7559511
23
-35
-43
31
19
41
9
7150628
-44
5632102
8916627
-2
17
7084802
2
-2
9585333
33
-18
-38
-32
9574879
-47
-25
-49
32
43
5932541
6387588
-23
9794157
5197863
14
5533926
0
20
48
-46
8424854
7986403
9481973
49
6370701
49
-46
11
8767360
36
21
6661352
-5
8570675
-33
5882421
6112241
-45
50
5109753
26
6122037
30
11
44
5770423
0
5188450
7026470
6892672
5611966
6404444
7859173
9563336
-21
-28
-25
8018740
6299400
9563509
40
12
-11
9450038
-42
6782999
5298917
5118226
5
-16
49
-2
5795860
7018084
46
5491643
6070705
-12
6721429
9870156
9624755
48
-26
9270662
35
5759841
4
5347763
-20
-13
50
38
8672515
-38
45
48
0
-15
26
-6
7170711
5205324
31
38
-48
15
7467644
9833527
47
7426717
8499570
7345811
23
42
5899895
-30
7214444
-10
6303137
9004122
5215690
5504011
9216961
6412458
-29
0
-48
-48
9524984
6759998
5179978
9565393
-48
5131063
-21
18
0
3
7832979
-36
-13
6229473
9231054
6175721
7797936
28
25
5334967
16
-45
3
9252362
8069247
34
-31
6664066
21
9539730
12
19
5977281
7664479
7468670
9671764
11
-15
-19
-38
9141206
7066092
6824816
5934436
7826203
5570181
9350231
7029612
6024527
8927727
48
5424996
7557887
9
6894248
37
7234949
-49
6743838
20
-32
43
6388189
27
7869317
-35
-9
9263549
5732488
-9
8
7753172
9412062
-12
6666947
5048887
14
25
8954787
6495093
49
-35
7968886
1
32
9626397
9119874
5221720
38
8537816
-31
5518967
-44
9041110
5074369
37
5041027
6138503
-44
8404736
41
-46
5207264
6
-33
7640318
-9
-35
9648675
9919699
8528593
5260309
9543452
6825710
-38
7749148
5270184
6435119
44
2
6186967
9766606
22
8091860
-48
8109321
35
9527809
4
-33
37
-12
8538153
-37
-20
6253860
6090762
-28
32
5195271
7009611
15
50
-47
44
8240640
5932769
1
6396001
8324003
30
8644449
31
-9
5063209
5684713
5946972
19
-28
6746323
6118908
9851321
4
-5
21
14
8959814
8769588
5593512
5145165
-41
-3
-21
8696212
-5
41
8
8372273
9040894
6102236
42
26
8844320
6118945
-36
40
7949344
-30
9593455
6483256
-22
6078329
7016905
28
8523176
23
5704215
-38
10
9675088
8666449
5682390
6255217
-25
9301179
8125868
7473818
-20
7078870
5292676
-38
5998933
-28
6673955
5750059
48
9380297
12
7647135
-21
-12
8978766
9880461
-40
6471861
45
5651467
-17
9
7516914
19
42
38
27
7042460
9300105
6862535
-12
9763017
-43
-18
8587273
22
6972463
8798839
-6
13
-6
7069205
29
5481487
15
8059594
6143871
45
1
8068377
6
-35
16
39
27
24
-18
-22
7008493
7341556
39
7447424
7340184
5963852
6803540
6919375
6474792
7603432
8507477
15
-37
10
7327360
-42
3
8268142
-16
25
22
9635633
18
6675472
9783515
-35
36
8897789
6295300
4
-22
0
18
15
31
5615994
5307666
-22
8876426
9532448
40
-13
7185018
8490869
8433896
8619023
19
-50
5
8386845
-23
8042644
9685480
5490378
6602224
7414640
9782108
-34
5449788
-25
5863903
-34
6519109
34
6815967
-47
8357715
9560648
-29
9762190
-35
46
5753346
9388855
9479561
7773316
5158556
5670944
8897296
6193742
6670190
8679877
28
6044397
-29
5365001
10
5793752
-9
41
5695035
0
8943035
7827809
7846798
-19
18
-13
9151023
-45
21
6440494
31
-18
-3
6587282
-5
-16
8560265
-13
7192043
-41
-25
5
9816012
9647450
5468071
7116016
-29
6213515
8092425
-31
36
7791551
7645639
9353617
-47
5433612
-9
5104842
6847007
-31
8646300
36
6066383
6969044
8093498
5
8442944
7290764
6692811
21
-41
6268266
5895395
23
6727833
-50
7312238
9789773
5142207
-43
-9
-41
-12
7512371
40
34
9965585
8484694
-28
8
5745227
7014519
6623842
9966378
7613097
9419685
-38
9088875
7743561
-9
24
22
6955917
32
25
-33
8
15
-12
-36
8239129
-18
43
7416672
-41
6
8651816
9778276
6726598
5933059
7508031
40
9308517
-11
14
5549827
-1
-43
7600903
6
12
8903479
9954505
8235885
-18
-9
7
9686981
-35
6396543
8506731
5
-18
4
40
8424947
6406894
8616500
6459922
-38
18
6939432
6351193
9762193
14
31
5784522
23
49
9252999
7633129
-4
5389377
-25
-29
8155848
50
6653280
-18
5008605
33
9682307
21
9013334
-4
31
31
5521262
8
50
6887896
-38
7
5373332
9634664
33
6800103
6305665
-10
-17
-6
9875612
5794924
-6
9827004
-19
-47
-21
7227114
5606646
8817308
7753814
49
47
-7
18
-10
5193856
8891637
-34
28
43
6187003
5039866
-43
3
18
42
9169928
48
18
50
32
32
-11
9179623
32
25
7584040
5887614
12
41
-50
7738235
6315852
40
6444802
-2
-23
-7
9395733
5021043
-12
-3
7842772
7533907
5816280
8547498
5614548
6149947
-44
6441444
19
19
-23
9998192
6951977
41
-48
7622945
39
7610249
8176136
9418654
5007557
5150245
-19
6200810
7908488
5567829
15
13
-39
-9
-26
8
-37
32
-14
-33
8474940
-20
50
21
41
22
6654596
-38
-29
8868376
8461332
-49
9772260
5805287
7952659
24
7762702
34
6718397
-17
38
-9
9754364
7477491
7737787
9733267
6104583
8221606
6023483
42
8249090
7653028
8780956
8295785
-13
8748180
8230524
5869243
-34
35
7
-37
6081630
5588963
6020599
6173892
-24
25
-33
8286304
35
7727572
8609982
-18
8163352
23
5467006
-5
-10
20
33
28
34
5264097
9893575
19
9078105
-23
7008954
19
7153531
-18
-45
8598556
7
7064162
30
7226785
9311432
-14
-4
6026019
9369180
-3
18
29
9169684
7012455
-41
5735402
24
5084247
9445624
19
-27
6317826
7358460
-31
7452619
9015649
25
5579766
17
4
-41
8309602
-36
9313180
7332926
9133594
9575850
-23
9961856
-18
5618992
5052675
6440614
46
8140398
7971296
6340089
6856639
6670233
-29
5176007
26
35
8496764
5943604
5456489
5
25
34
-33
-39
-49
-13
42
-16
6067021
45
5221379
36
6002439
9167723
49
-15
11
-2
38
49
9502821
-25
7538803
6711478
5601515
7652239
34
-1
-46
-47
9248975
9190273
0
50
1
-12
12
-35
7448390
-31
-30
6784070
-43
7935372
9866205
17
-8
8008833
5958688
10
-14
5502781
16
7151751
30
-37
9646490
0
-43
7463289
27
-13
36
5915701
7554172
-18
8140842
7231121
9444631
5472359
-36
-2
-37
8478253
5914073
7077787
-19
8498236
8695464
-8
28
2
5945265
6286522
20
7543943
-21
-31
-47
0
-27
6851597
9928601
-20
6099722
-36
40
9883471
9589708
8103271
40
-2
-1
5313548
-8
6286270
8308022
50
40
7881811
-28
9849656
9539403
8
-21
-21
9701364
7
-31
8832053
-5
-32
-12
8368440
-22
4
6010108
7600937
6203099
41
29
20
-6
-20
-29
9536150
6580420
-30
5416268
3
7896609
-7
-25
7020116
9199834
-28
6046468
9902208
22
10
35
7094455
-37
5011563
20
5449307
8
7483632
8268571
7201965
-47
7989454
8255268
8116865
8508799
7121238
9614399
3
-39
7965336
-48
32
8796080
8822695
44
8357417
42
5140682
5123222
-46
16
15
6
6350048
8441503
6860345
15
6157130
15
5263068
30
5815024
-27
46
-21
6890431
40
31
7049945
6432275
9956430
5125081
7591923
8154569
8310906
8339734
5884897
8926598
-1
-3
15
5552109
5402668
6336684
7580302
5694743
-5
-11
9320096
-15
12
6600583
9671253
5738801
8032787
26
6019541
8286172
5089132
7799429
-3
-1
6844576
-40
22
5618235
0
9
9108114
-18
9294899
39
9449473
6830781
7595560
46
8609250
5528655
8625731
8898360
20
11
13
8463466
6973245
9020699
-37
-13
12
-28
-8
8138404
-8
6855152
35
5298848
8290327
48
-28
8524655
6053254
27
-12
8128074
8906196
8791588
0
8259957
-4
-36
5775990
8825900
-6
5671947
6102688
32
9600778
-30
8583821
-19
-13
5574726
8235942
7703300
44
46
-42
36
8892108
-23
6937128
7495750
-32
-10
8758094
-21
8
8168697
5269627
6609004
13
9124048
9045762
7413208
5252920
6915326
-10
-43
9165642
6979301
22
9280421
8844320
6361638
6749583
-42
7389850
7955545
28
9477971
7537971
8174312
8390186
9114807
7749088
3
1
7039856
-24
-37
34
7261267
6866371
7846082
6
8906900
6265780
-24
6992363
-3
8141880
-22
-41
6413972
9983962
5401863
8703596
5872169
7887282
5911453
7
36
9991142
10
6472864
6083952
-46
7596833
8083034
9317219
6332580
5944336
4
-40
6183027
-25
-42
15
-3
9170952
8853559
9
8103835
37
8275934
8084697
6130647
29
6599196
-35
-49
4
6537037
-28
8451438
10
25
-2
-46
7956537
28
-17
-17
9
-13
-7
8000612
8774297
8429193
8345796
8164204
7548550
6474499
15
8043885
9
9790197
31
-41
-22
7486328
-1
7064453
7587726
8705772
6334098
-43
6363780
14
8026462
8753113
-9
7352444
13
5419172
39
8397100
5195186
5739448
6600151
5891911
7363578
-24
8395188
-6
5649859
-2
7354978
-12
9280045
6485690
7828311
33
8036216
7092304
41
8
5476107
8434020
5236443
-4
5420317
5757094
-4
21
8656727
6621831
-16
5937786
-36
-29
8583694
6644073
6878305
5
5649207
7408552
39
5685526
9640652
7265916
45
11
27
26
8784786
5625981
33
7989671
36
38
-10
34
-17
6869492
8557574
-37
37
9454847
5315672
40
24
-36
2
11
6898712
6396322
-16
36
-5
9349137
-17
49
7670252
7385931
8682363
9291240
-26
6511178
-2
-38
16
7497140
9201646
7364725
-30
-24
39
7256358
-20
8390753
42
8874577
36
3
7426278
6944286
-28
-9
7082512
-22
8
8867431
6219005
6595587
7789871
6266601
8905216
8921308
0
4
9570751
49
8747149
9136028
7805501
9665302
9227979
5820471
6105115
6238819
9525798
48
5350506
38
-20
8237270
9415188
7053543
26
8918528
8471623
7619221
6
7096991
46
9981292
16
-22
-18
9523199
8830979
-17
25
6141076
-10
17
-25
38
9853951
-49
5183690
-41
21
7459920
5698158
2
6904053
-15
4
8139814
17
6631307
-10
6554084
9153035
5085138
9833028
-33
9463466
5631804
9817420
-45
47
-6
23
9912440
8020038
32
7765452
7630555
5
5104749
4
-24
-8
5565142
6450595
-31
8218936
24
8285083
6957833
5114729
5778028
-22
-40
-4
-49
7916100
-40
9323855
9280930
32
6880123
6868057
5414431
10
15
43
9114665
-22
6413923
49
44
8142932
6708970
12
-36
8656869
5185758
8265201
-49
39
9945116
-2
-34
-30
11
-29
-8
-46
21
-14
9800853
8085275
37
-49
7443311
8041244
30
9358501
49
50
5898936
17
5058044
-24
8697220
30
7058992
13
9444405
9779018
5986353
9522414
25
9479210
6300966
8554369
42
9809546
7726244
7353882
8248312
9691594
-44
5514247
20
25
7579600
6361526
7382720
-45
6507417
7072987
8237783
-25
6864234
9590744
7968194
9763707
-16
8176628
45
6878850
5274255
9599656
-15
-33
9977830
-23
10
-23
7380834
-12
7160194
5225500
-13
0
47
6083262
5
-29
-28
17
8438485
-25
31
-16
0
7244844
6
13
-30
5283183
6454825
-9
-38
18
9400756
-27
6211582
33
26
28
5494114
49
42
6646124
9369763
-23
9549101
6119591
-24
9006021
7168065
6814249
-38
19
5407166
9017884
-11
-7
-18
48
2
5790198
25
14
10
5870210
5009767
-24
9756524
5235302
-7
5828225
6479178
-47
28
6245099
8538922
7745224
5022321
17
18
-8
8121990
6607017
-19
-15
8310098
29
5
9905939
7749200
7
34
29
8349567
7657038
2
9844442
-49
7006177
1
-22
38
6147894
-39
8496011
6385922
37
-31
-7
-29
10
7500317
8277545
5849552
5353664
16
-29
8451193
15
9061292
5016671
28
8651001
31
8919425
6689530
-32
9054291
8414282
5438055
8096305
8039321
6431183
15
1
6587734
6
28
-9
-24
6938710
6640734
36
9239073
-3
35
45
-10
27
-36
9908682
7519375
8894582
-19
8398925
34
19
7392175
-29
-5
18
8026783
0
5432460
5002008
32
8318588
31
9806093
6707212
9594094
1
17
8106699
5135340
50
9978507
-14
6911445
19
9144954
31
7663394
5389274
5898740
6774798
6557260
28
8328886
26
5507988
47
7620028
17
32
-24
11
5280416
6
5403438
9580519
5911227
38
5049968
5198842
8706919
6595990
6185461
7343134
-6
7601195
9168775
-30
5789191
24
-42
8219439
-2
8467059
-38
49
6349314
31
8971613
6347759
-18
-46
9093258
8846419
45
7609211
34
9899866
-23
-4
8555190
6654859
5545605
42
8581575
11
9966585
-38
6478128
11
23
-16
8183426
27
-41
46
39
8632419
6227355
-17
-24
7950956
27
-7
5092234
9331970
9280336
12
7
7912175
5348115
3
6
8230244
6321007
-27
6157895
6311074
8407636
43
5461411
-20
-7
9621665
39
5870190
8258180
0
9523231
9013829
9043741
41
-48
5477719
-21
8139451
5223615
8892353
33
6887624
7990675
7511058
5436514
23
18
6091799
27
13
40
9236982
-48
7985811
9861514
6285988
-28
8887687
6
8326021
-24
-30
5104877
8532435
9963496
40
-34
-48
45
24
-2
5510568
-6
6212529
5121222
49
3
-49
6181869
5252077
21
4
21
-26
9616179
-38
8784185
6605258
7203553
9431517
-34
7366996
9795869
7749122
8229742
-18
9581413
6289017
-7
7936944
40
9402102
8122833
9840415
9407342
6516550
-28
8170587
9549386
7509700
8711450
5524958
6635300
-6
-37
21
5869685
50
9186467
7527972
6528871
-32
6568648
5517882
5515873
5012120
48
5629286
5712759
-24
9306045
-37
-10
30
9
4
9890564
-8
30
5683946
11
43
9767421
8583406
8554563
-7
28
29
50
6280601
22
8896980
-25
5240399
-43
7046000
8872962
7679888
8911850
8660158
-2
5006603
-22
-12
-23
-4
49
-50
18
8801632
18
9149358
6778583
9662798
9378277
-45
27
7516259
25
17
9624389
8350602
7398868
8804281
23
9416085
5877774
9228583
9608132
28
9211909
42
24
8063632
-7
7
-15
8
30
9625225
8810840
6497642
-22
7042948
44
6506589
-23
-39
-34
8812473
26
27
6942000
9791413
7512455
20
9333239
-7
-39
-6
7913137
9118830
29
6134631
7276830
9755883
6266653
-14
2
18
-5
6971851
7263247
7060491
7858930
-26
-16
5130678
24
6136556
6805401
49
6281130
7505573
5062211
8404023
8826197
6
9358932
6418010
6
9572903
7195718
7
-8
9256568
5660520
18
-36
-17
0
41
0
7719136
36
6440704
8132282
5316618
6552827
-11
7358661
3
21
-12
11
-29
5
5370238
8602173
-32
5663971
9368915
9926887
-17
-40
8868864
-40
7953370
9793642
5378632
7736823
27
-49
7
6730884
18
-13
-4
23
-25
33
6614306
5097075
6652239
-42
43
9754998
13
8373921
6694322
8940980
40
7771589
43
8063371
8216948
9853417
7036577
5646485
-13
5884023
5651770
-49
-45
-26
6498316
-6
9572116
9080060
-12
6174121
2
9351662
45
16
5444100
-7
8101970
-30
44
-24
6740312
5335437
11
-23
-7
9878597
6583676
6734095
7843880
6432727
34
-32
-32
6214595
6205445
-32
7728281
5641507
8826823
7310441
46
8194378
-30
-43
-23
22
5667032
6987664
22
6770872
14
7488579
5477014
35
5520507
-10
7991920
6787811
-34
-49
35
8934406
18
-46
7630178
-39
43
6241265
7441430
-30
8218739
-41
-20
6945369
9981913
6025580
6292053
50
5664162
-16
14
5
6254607
1
-3
27
7067079
-15
8682457
-23
0
8609378
6769137
5806343
6291003
7800196
6795690
45
8491773
9788339
-24
8229845
6596481
-36
8866569
6614262
33
15
46
13
8014418
8903841
-5
-4
8949398
37
8577866
7348411
9533790
6476178
8199623
7
-10
9224878
49
-27
-32
8240841
8512754
6
-17
-48
-5
7775636
-1
49
8004436
-19
45
9566829
7933332
5371348
-11
8522934
9658111
5124367
-21
47
5978334
32
9228041
-8
34
-34
8437411
-50
-16
8810389
8925920
3
6481589
5664884
8875295
7382982
8406972
33
7290684
-7
-24
-22
29
26
5901274
14
-44
9182279
-5
9882860
6121347
16
9999165
23
6425735
8835499
5794784
7953348
5997007
9698917
6924471
11
-40
23
8880793
8078740
8047575
7971800
43
-47
-21
-45
6
7433205
5446875
-26
8527012
6889393
5355103
9665951
9426488
37
5705276
7068099
-41
6302271
8513344
-44
-43
6544171
1
6
-21
-49
6867484
32
6858911
9796813
5441215
29
9185455
5
-50
8942973
28
47
48
7037332
9559552
7915159
31
6653355
8947599
7063161
8715048
7056167
9431869
-10
33
9648678
50
24
-9
9298574
-7
17
-10
-38
35
29
9995654
8968740
8011655
5665346
9179968
-10
8594697
49
6415370
13
5912249
-1
7256036
-36
6972932
6697781
3
-46
9689116
-43
40
7818170
-45
7144173
9101246
28
30
5521426
8
-41
1
12
11
5401151
7559784
9979058
39
6237352
37
3
26
7119496
-38
9752410
7251866
2
-14
36
-3
6
5315833
8097250
19
-49
5
8
9
-12
9785451
50
8017654
9353499
-10
6164756
-16
0
28
20
-1
7151813
-11
-33
-19
-24
8647663
6450380
28
6847225
-28
7591947
8659864
-11
8055143
21
48
-44
-47
5749033
7657759
35
43
-40
0
5737757
-43
8412631
8499155
6244529
5608876
45
6096673
7
42
-36
-26
6062980
8636842
6537916
14
8030710
9807866
9672429
7597132
24
9247111
25
48
5048886
22
-26
5818746
25
-9
-23
22
8236780
-18
-20
-37
8149271
6650163
9037435
29
19
-40
0
-24
9716416
-25
5946332
9317359
5688966
-31
8676608
-21
8692243
33
7981997
8122272
6405714
7104096
6
-18
23
8615187
-29
22
5445407
7005031
-12
6167935
5589890
-1
6
5477358
32
-14
-29
-31
32
7771073
-34
5642962
5554168
9780456
-42
42
6791820
46
6665412
8742755
29
34
22
-14
5778460
46
-21
-31
50
6
-50
8028647
2
8309595
-16
-5
9499711
-46
6167035
7116617
15
5961498
6764623
31
5255062
-34
9665550
30
-22
7933940
-35
5784071
11
6757615
6832693
15
8163673
6346318
5805707
6726673
-31
6679531
-16
-15
13
23
-48
-4
15
24
50
-6
7177788
24
7545679
6811428
42
5656089
7260516
38
-49
13
-23
-14
8341841
8520934
13
26
7241249
6683137
5629523
9241657
7147130
8936227
-37
26
-45
8584116
28
5622194
22
21
-39
31
-7
4
-20
8095776
9975644
5307252
8757894
25
7533256
10
8081995
5155960
9992560
-29
6743110
7689485
9391164
9337140
6330966
0
-4
7400398
30
37
8264770
31
-13
5105733
-50
-37
21
7231240
8093925
8593458
-22
7738247
-21
7213857
6970937
-36
5532951
-7
13
5087195
7362137
-49
6698249
-15
8967544
-6
46
42
19
18
9898656
16
13
9591840
30
-36
7922867
-44
48
7765655
19
-9
9845704
9442812
9074375
6399169
5
9248918
9291263
-48
28
25
7132459
9370211
-16
6987113
7110806
50
-30
11
27
8204520
7404078
9391551
-3
8206895
7060480
40
-34
20
31
41
29
9477628
6
8905856
-38
5277069
2
6574405
-7
7157162
8347878
-13
-42
6174916
9160505
41
7750573
6258160
0
8683916
6352817
0
6049800
7
3
6335306
9221097
12
8166274
7664400
-21
35
8061913
-15
45
39
-48
8188092
8052371
-40
8556639
5
39
9303267
12
8197818
8655471
8270548
-45
-23
33
22
5002823
-45
6319009
-46
-26
7156898
39
8326823
9925810
8438317
-37
-4
48
5571142
30
-22
5210192
-12
6972844
8930744
36
11
-16
8786749
37
-26
15
-9
41
-23
5277199
-22
5606066
16
26
6922593
35
-31
-12
8516636
6248117
-25
-47
12
7924985
6755904
5
7695938
15
-13
40
-2
7009266
-35
3
9164480
22
8064913
42
28
8755802
5513227
21
-23
7648886
8118201
-20
5615092
-43
6386131
8849707
8203906
-45
18
-17
5328580
5337733
6415523
34
8974607
-16
5634544
7129245
45
-27
5883509
9931025
-8
10
-42
9330190
-44
5442154
13
23
38
9271521
5412159
9130864
32
44
7667552
-21
5095616
-17
50
5118525
8454910
8269011
5904830
12
-46
6246464
7427781
6371098
5604594
-13
7684537
0
7453339
6935209
8594462
28
6090759
9217905
9509085
8466269
6229909
8288771
8994475
-16
-5
27
-24
7465159
-7
-47
9244360
-20
8194931
36
7511274
41
-29
6113726
-39
9482622
-26
5007188
6101804
-48
6311206
19
50
-15
5258758
-41
30
8040735
5270062
-42
-20
30
8872561
6098054
-32
6945232
9886556
49
7864956
1
-19
21
7246649
6867606
-48
2
26
9712455
6936984
7590741
37
7946306
9144311
6298027
-38
8537557
9415275
9214124
5160371
5183005
7668880
9
6857319
-28
-8
9229098
26
8158125
5719074
6672520
6557159
7021532
7396650
7788214
9334155
9578056
-35
9864202
9280023
-25
41
18
9530044
47
8766062
41
6
7193017
9447742
-40
7351081
9196570
-23
-36
7295888
8159373
9568805
13
-7
5776546
5036545
-47
-38
8
5005660
24
6788685
9239883
12
6610734
-39
8
6539565
9244469
-25
-24
6574066
8779078
-26
6458117
-45
5154279
48
-20
22
42
-2
-16
7404207
13
7032986
8263731
6784195
-38
19
7997880
-44
6677049
7780941
39
19
-20
18
-3
5362004
-18
-32
-5
9026719
5532778
50
7327548
7588937
7949521
-42
5254484
6552620
22
-29
5455920
6248887
8284275
7872559
8
41
-2
4
-46
8794607
12
9982255
8749704
7598560
9092229
7781823
7655738
-7
9088998
5200955
-24
5446383
-16
6787158
-34
7334038
39
8626637
-3
12
37
39
5859979
18
5362274
35
6005456
9911115
-27
-18
-26
8245767
8876809
-22
9125751
12
-9
5037864
-46
-20
35
5882958
31
22
6549261
9687475
6303929
-24
19
7400225
7043795
-21
20
25
6715350
6958760
9248361
9964542
8672221
9010668
9611545
5828172
5939930
-46
30
6243265
36
-30
50
8477284
5442230
24
-7
9738707
5445540
7804650
-10
6498064
6054992
7519520
-15
23
8
40
9746477
3
7957160
45
7209860
-2
24
9796190
5708297
-4
5356521
5041140
-11
7966396
6
7706353
7612122
18
7530716
7474476
5463653
-21
-34
11
1
38
-28
6042076
-8
9330642
7366274
-14
-36
-20
5008770
6367882
15
16
5593052
-24
35
30
7048752
25
35
0
19
-28
8063892
9231785
-37
-33
-15
41
5511695
7998326
7805606
9124295
-35
-21
7144970
-48
43
-30
7992961
6499911
9396150
18
-39
-20
6620046
6826657
19
9222820
7625197
-19
5317274
9546673
5041236
44
6469275
46
-10
6199585
-46
5136854
0
7556513
7736794
7587363
7010997
5944380
22
7149494
9
5223835
16
33
6357515
-15
4
-16
-48
22
3
6391303
9116674
5302717
6316229
50
9603547
-29
8528177
8929608
5868605
-5
6826113
-43
-19
7019493
6160022
38
8601181
35
27
39
-39
8884428
6477268
9163011
8169938
6816232
-11
6704983
-24
-30
-12
9527777
5912106
5816752
39
9420019
37
5797764
-8
6746240
28
7012686
20
7391718
5930235
6713860
-32
7778495
-16
8401721
9196651
6746945
-44
-38
-7
7140419
-42
7561011
9
6903999
9995442
36
15
8131004
8712196
-14
40
9965310
-3
9
7185353
6108772
4
45
7535408
5578936
5086112
5352423
5497914
-18
-40
5732781
5512806
5184223
7919241
-44
8054112
20
33
-2
6832676
38
18
7681652
7589803
6452218
-16
7252513
-35
16
24
9751806
-12
-31
5843209
9907688
-29
6724561
6647565
5839406
-15
-9
-40
8612117
8370031
-1
14
12
6899650
8989856
32
2
18
18
8662011
28
14
-25
-32
10
25
6410112
9210137
35
-2
-12
4
6182529
-5
6188812
6398536
41
8807072
-43
49
9681149
-39
6359946
9259812
-50
6735178
-25
5587896
5746429
-28
5434845
29
8301806
6301562
-36
7945933
5784555
-14
42
6140861
-46
6745281
-20
-33
-23
7537558
4
-15
-36
6308920
6961157
8900722
8484534
-38
21
-47
5985936
6116003
6489384
-22
-49
-39
27
45
2
9226175
-6
41
5043887
6510822
7686184
9344350
8724544
5
-44
-33
46
5
9666655
9669904
9827811
-19
-33
-44
7843329
-46
31
8815774
6
7939885
7846094
7230828
-24
6016716
-44
19
9924935
7027596
5791083
9745461
7455286
6542735
7715909
6070768
-39
9155662
9845375
9534251
24
8984210
24
0
-34
-39
9422295
-34
-31
8630743
-13
7210080
7848153
5630027
7577379
-5
5293263
18
8287146
7061901
5865025
-31
6848703
-13
5072955
-28
7919852
-44
1
5291662
9258863
31
-35
9572497
-16
16
9175924
14
8154076
9603110
35
7708958
6
-47
7992992
9810274
-3
19
-7
6183802
6133372
9947835
6538465
49
43
-13
6154611
7522339
7993588
5901267
9841703
-47
-18
-17
9813322
7267015
5807509
6831179
-37
-48
-20
7329318
-40
7149062
16
38
8917649
-40
6551504
7698809
9005392
30
46
-47
5679504
32
31
6384601
17
8178723
22
-5
5861148
25
6569267
7541838
9560968
-46
15
5578020
-20
5843812
8552256
-44
-42
5355959
23
-42
7250743
7580847
15
7461116
-22
7615635
7828590
8845166
6686702
7312380
-8
8
-31
7242846
25
7648655
5156422
9944455
7354998
9086589
5019161
6164558
8882281
-10
7264684
-13
33
5032232
-30
7769828
2
17
5564440
-6
6501978
12
-31
40
9474423
6271238
7558105
39
-11
9530473
-35
6469593
-15
7103054
-22
49
7342475
9943848
28
5820998
8807420
-23
7367632
7759407
8315389
47
6740817
6816099
8323082
8643817
9866304
-13
1
9341743
5671905
7025398
6029375
7258479
6906836
6296375
17
8
5850808
9648710
30
-49
6155869
14
8866752
6949158
7037415
6270934
9597471
18
22
9333773
-1
7670563
6777841
26
50
7557927
5266855
6731111
6680240
-16
8075510
5366578
6665925
7926970
9941140
6334369
26
17
-15
-1
-11
9227646
7251766
8836643
5067864
8301371
11
19
-26
44
-31
-28
5321934
8019981
-5
6845789
9571510
9724868
9019860
7457139
46
-4
6620866
9203527
18
10
9295408
8463770
-32
8690829
8
5460865
15
-7
9737165
8368272
7053526
35
8516282
48
7
5439875
6783547
21
6178421
-19
5574423
6080412
7894542
7725102
-17
9609206
9172661
8
7963925
6856956
8362857
14
17
7470492
-36
-39
29
-42
-34
-41
40
5752185
6750055
9905119
7899991
6295280
7820986
-18
42
7991263
7412760
-5
6096702
7313728
45
-23
10
9885307
7616207
43
-28
8074170
9881472
-50
1
7201220
-14
5552111
19
5694364
44
20
5288725
7467195
6241065
8594243
8
8714767
8696775
-36
9392740
28
6256682
6038276
39
-10
34
9670900
5158951
-45
5800926
-34
-35
9474657
15
9758198
34
14
50
6
7155520
7829345
6547425
6354507
-12
-32
9717238
5119135
7255538
25
9761656
6863280
-45
5445169
26
5554208
5341293
9944092
9206252
6797367
15
44
20
41
9408578
-41
8456411
22
44
8851203
-17
-15
5
-32
-30
-48
19
-2
17
37
7395783
-18
-6
7394635
6747462
37
8350670
37
9110251
-30
32
-7
44
23
8214153
3
7980267
-8
20
19
8420347
21
-27
0
33
9371177
8793349
5558183
6247746
-47
-41
-7
5688832
-4
-46
6729543
-5
6674024
8154891
7
6352035
5540747
-17
5580457
8984286
7022597
5840630
-17
8113023
-27
31
8634736
-26
6352589
6345009
7808932
44
-45
40
5878748
16
-24
5283613
4
20
6112719
-6
31
9851908
-47
33
-26
8745404
-2
8894608
9553298
34
44
-11
-12
13
5308157
6927528
9022884
-18
9695949
9995817
17
7647139
-6
8023277
-38
28
8176456
21
8602943
-45
9942207
9419984
8690617
-14
1
2
9
-19
7681495
8
7598625
9245478
7736086
-42
8878962
19
-50
6111466
-11
-22
8693813
8915810
6414513
14
8407237
6144128
28
6713960
42
-7
-15
16
-48
5599513
-44
8846360
-46
-34
6937912
-8
7612137
8473225
-2
7
24
-15
6371023
9212526
37
-32
7113254
6113063
36
46
7363361
-3
-35
9025985
7889768
8
14
27
5515727
7829337
8941554
39
-20
16
-47
50
7528245
5431271
-7
8863195
-12
7220817
8570422
8692283
-37
6985977
4
6
8224039
16
27
-9
-2
-5
-1
5
24
6200139
2
8537410
-4
7849045
7729729
-50
6
0
6021069
5390725
5936936
-10
-23
31
-19
5257246
7536646
7159900
7174529
-41
7627378
-22
5104148
-36
9243635
-34
6797269
46
5915014
-35
12
9689899
-5
5772210
-8
-47
9334120
8126766
6703523
-41
20
8748566
-37
8494917
8106315
8776521
-36
-14
-17
6506144
46
22
-25
-1
-31
45
-9
5260740
31
5144677
35
-29
-4
5551816
-16
7800429
8052497
8361249
8198746
25
5920082
8005910
17
-17
11
8565451
6874645
8160665
-37
-21
-49
-12
7999945
8145816
8172445
9997427
6659229
40
15
-46
8435103
9039951
7
6710525
9582919
-14
24
-16
49
5722404
-48
9748807
22
5018727
-15
5664363
-17
9013934
-33
8324000
-48
-45
6
-36
6579229
6195896
5845820
8481906
32
-27
6589024
5
-10
13
-17
6467324
9088053
-8
8243980
12
5293480
9841668
-18
-30
5680259
25
-31
7518587
-7
-7
12
-2
18
-16
-20
18
8885664
9191780
-45
9671786
5934257
6320783
-1
7518434
5457818
-40
15
8878022
9594715
7918338
5471873
9281561
5176382
4
8
6769938
8
7
-23
6996929
19
27
6019449
-12
-8
-1
40
6080976
5321108
8744169
8477127
6616744
1
-40
-4
7051227
-39
5066935
7177472
9715565
8002635
6214418
5243978
-9
6597196
-33
5
-40
-21
-41
6269066
9830330
5460854
8176714
8311045
9116159
8
38
-20
8941965
5724369
45
6538490
5842565
5728117
5223128
12
9088336
-13
5660397
5141877
25
9809997
19
9915041
9238746
8198317
6065190
8783989
39
5275373
7454633
17
9983227
-33
7986911
7596807
9401580
36
43
9959329
-10
7955971
9740571
5817282
5886600
-35
-10
45
6871836
9942440
-10
6346776
3
-39
37
7427808
6001404
45
-38
7910136
23
-3
6318071
9672510
7200961
9157118
-41
7597484
8310692
7003444
6486603
9458417
9508365
45
7620234
-46
49
7162249
5875339
8611229
14
5910995
2
8795498
9929807
4
48
1
22
28
-26
-45
8253804
37
7981453
-35
14
-30
-11
7549342
25
8863096
5
49
8674090
-46
8561472
6677970
-3
22
30
9155121
2
25
-27
24
5437091
5967051
5473502
-27
-42
6559414
-39
7645456
7606267
42
6834295
6490313
10
-45
6
6611371
-14
-27
45
9641934
-8
8656156
-9
11
7419372
8991134
5627918
29
-32
5309908
35
8326230
7198658
41
0
17
-7
-2
7771412
-15
-16
0
5492851
9
6098134
8060829
-31
7025045
6710330
5072713
-42
5124121
7518438
-29
9924121
5568530
-34
7946152
5909307
-12
7721149
5115664
26
-31
9339059
7692191
8028849
6803585
1
27
-35
9757942
7491718
1
6694592
-31
36
-46
-28
5169257
8315163
5992469
19
-2
24
5203873
-19
-13
6716979
35
-34
8629452
8645489
-28
24
8307856
-43
9513305
42
8467829
47
28
50
5104099
8828579
6381301
8859914
6254687
-19
22
6649989
8623350
-28
9186993
6094672
6216953
9517659
7046575
-18
25
9847369
6803767
5984261
6006983
19
7352713
9
-48
-16
13
9047248
-15
-17
7415527
-49
-39
8792371
5926167
46
27
7797895
-34
7177083
35
-6
25
5088801
30
8285827
7378847
5261954
9083312
-12
5258059
6105405
9548191
6235916
5873512
-34
5908086
8945881
9579527
-11
7047157
23
6938635
-10
9203833
-6
5650753
8586163
39
7909753
-37
8271823
8296011
7395591
38
8307941
9727784
9015970
6497183
9671488
9964627
29
5939606
-31
50
-47
-4
9439531
0
33
5035869
6
6005848
7515159
-19
7471788
15
33
9
-7
-38
-39
8544253
7746759
9993765
5147916
9320514
8932333
-12
-22
6664719
6702834
9668469
-3
6851973
1
8524271
-29
6460905
6675334
5007385
5650163
7982986
-34
6531113
-19
38
5540001
5
-11
32
5812089
7329454
-8
-47
-27
-18
8100445
-18
-44
9
6326910
9043162
6662453
-13
7911029
8948140
6796816
-33
9307909
14
19
5068117
47
5153775
6145242
8882451
-13
17
-17
-45
7164120
36
-3
24
7340829
-3
7760121
6458777
9864812
7783001
35
-4
6337025
9745876
-50
-3
-38
9451479
42
9885058
25
9437494
7625995
9924493
6699795
8537240
7013711
37
-8
9629455
9235919
27
-30
6105479
8917357
34
-19
8242369
6497127
9840543
3
-25
6041242
8817912
9130440
7107046
11
13
22
-25
5310785
7381245
9193257
6204307
5595257
40
6340290
7122966
6
-46
8247265
8843714
-31
6
-36
0
6773821
6193979
5082283
-43
41
5478249
7529698
-2
7617208
-50
7404901
47
5545397
5402748
8075471
7457510
32
7728889
-18
5911863
6748101
40
9003351
9168120
8876225
50
-32
2
5418006
45
43
9390252
9505054
-17
5806172
9181430
9270116
-29
6398669
-14
40
-9
-37
-1
6664953
6895128
9886746
7900532
7339871
29
43
45
-18
7571935
8639718
14
19
30
5
34
5704951
-13
5301612
8
11
5513586
-33
9189912
-22
-10
5500709
8774464
-3
-45
20
6647589
22
-29
6226097
8085995
-36
9384294
49
5594299
-11
5245376
-10
-12
28
-6
20
-9
8521407
9466429
9732820
6776310
6
1
-2
-16
6499619
7910004
9008199
8404602
8615358
7121147
8943825
6878479
-30
-20
9399114
5764484
-7
31
-22
31
6979400
6416314
-17
5786590
18
50
49
8
-33
6827560
9300615
6036646
6032648
14
-1
9597564
-34
-39
-48
30
33
-5
33
5206998
6404230
-24
8453145
6946508
14
5
-25
2
5462912
5413743
18
-34
16
8069182
28
34
7716115
7012383
9352726
5
-19
